0|4|8||2|4|5||||"61597:156251"|"61597:186420"
0|3|6||5|40|75||||"61597:156251"|"61597:186421"
0|2|3||2|4|5||||"61597:156252"|"61597:186422"
0|2|3||2|4|5||||"61597:156253"|"61597:186423"
14|19|23||5|40|75||||"61598:156258"|"61598:186434"
0|4|8||75|162|250||||"61598:156258"|"61598:186435"
0|6|11||2|4|5||||"61598:156258"|"61598:186433"
0|10|19||2|4|5||||"61598:156259"|"61598:186436"
21|31|40||5|40|75||||"61598:156259"|"61598:186437"
3|9|14||75|162|250||||"61598:156259"|"61598:186438"
0|9|17||2|4|5||||"61599:156276"|"61599:186445"
0|7|14||5|40|75||||"61599:156276"|"61599:186446"
0|9|17||2|4|5||||"61600:2310403"|"61600:4235238"
0|7|14||5|40|75||||"61600:2310403"|"61600:4235239"
0|6|11||2|4|5||||"61601:156295"|"61601:186458"
0|4|8||5|40|75||||"61601:156295"|"61601:186459"
0|2|3||5|40|75||||"61601:156296"|"61601:186461"
0|2|3||2|4|5||||"61601:156296"|"61601:186460"
0|6|11||2|4|5||||"61602:2310462"|"61602:4235321"
0|4|8||5|40|75||||"61602:2310462"|"61602:4235322"
0|2|3||2|4|5||||"61602:2310463"|"61602:4235323"
0|2|3||5|40|75||||"61602:2310463"|"61602:4235324"
0|6|11||2|4|5||||"61603:2310471"|"61603:4235333"
0|4|8||5|40|75||||"61603:2310471"|"61603:4235334"
0|2|3||2|4|5||||"61603:2310472"|"61603:4235335"
0|2|3||5|40|75||||"61603:2310472"|"61603:4235336"
0|6|11||2|4|5||||"61604:2310483"|"61604:4235350"
0|4|8||5|40|75||||"61604:2310483"|"61604:4235351"
0|2|3||2|4|5||||"61604:2310484"|"61604:4235352"
0|2|3||5|40|75||||"61604:2310484"|"61604:4235353"
0|3|6||5|40|75||||"61605:156360"|"61605:186517"
0|3|6||2|4|5||||"61605:156360"|"61605:186516"
0|6|11||5|40|75||||"61605:156362"|"61605:186519"
8|17|25||75|162|250||||"61605:156362"|"61605:186520"
17|23|28||250|625|1000||||"61605:156362"|"61605:186521"
0|6|11||2|4|5||||"61605:156362"|"61605:186518"
0|3|6||2|4|5||||"61606:2314437"|"61606:4241106"
0|3|6||5|40|75||||"61606:2314437"|"61606:4241107"
0|6|11||2|4|5||||"61606:2314439"|"61606:4241108"
0|6|11||5|40|75||||"61606:2314439"|"61606:4241109"
8|17|25||75|162|250||||"61606:2314439"|"61606:4241110"
17|23|28||250|625|1000||||"61606:2314439"|"61606:4241111"
0|3|6||2|4|5||||"61607:2314446"|"61607:4241124"
0|3|6||5|40|75||||"61607:2314446"|"61607:4241125"
8|17|25||75|162|250||||"61607:2314448"|"61607:4241128"
17|23|28||250|625|1000||||"61607:2314448"|"61607:4241129"
0|6|11||2|4|5||||"61607:2314448"|"61607:4241126"
0|6|11||5|40|75||||"61607:2314448"|"61607:4241127"
0|3|6||5|40|75||||"61608:156411"|"61608:186577"
0|6|11||2|4|5||||"61608:156411"|"61608:186576"
0|3|6||5|40|75||||"61609:156425"|"61609:186593"
0|6|11||2|4|5||||"61609:156425"|"61609:186592"
0|3|6||5|40|75||||"61610:156436"|"61610:186607"
0|6|11||2|4|5||||"61610:156436"|"61610:186606"
0|7|14||2|4|5||||"61611:156449"|"61611:186620"
0|7|14||2|4|5||||"61612:156463"|"61612:186632"
0|6|11||5|40|75||||"61612:156463"|"61612:186633"
0|7|14||2|4|5||||"61612:156464"|"61612:186634"
8|16|23||5|40|75||||"61612:156464"|"61612:186635"
0|2|3||75|162|250||||"61612:156464"|"61612:186636"
0|6|11||2|4|5||||"61612:156465"|"61612:186637"
31|37|43||5|40|75||||"61612:156465"|"61612:186638"
3|6|8||75|162|250||||"61612:156465"|"61612:186639"
0|7|14||2|4|5||||"61613:2310534"|"61613:4235434"
0|6|11||5|40|75||||"61613:2310534"|"61613:4235435"
0|7|14||2|4|5||||"61613:2310535"|"61613:4235436"
8|16|23||5|40|75||||"61613:2310535"|"61613:4235437"
0|2|3||75|162|250||||"61613:2310535"|"61613:4235438"
31|37|43||5|40|75||||"61613:2310536"|"61613:4235440"
3|6|8||75|162|250||||"61613:2310536"|"61613:4235441"
0|6|11||2|4|5||||"61613:2310536"|"61613:4235439"
0|3|6||2|4|5||||"61617:156499"|"61617:186687"
0|2|3||5|40|75||||"61617:156499"|"61617:186688"
0|2|3||5|40|75||||"61617:156500"|"61617:186690"
0|3|6||2|4|5||||"61617:156500"|"61617:186689"
0|2|3||2|4|5||||"61619:156528"|"61619:186720"
0|2|3||2|4|5||||"61619:156529"|"61619:186721"
0|2|3||5|40|75||||"61619:156530"|"61619:186723"
0|2|3||2|4|5||||"61619:156530"|"61619:186722"
0|4|8||2|4|5||||"61620:156541"|"61620:186742"
0|2|3||5|40|75||||"61620:156541"|"61620:186743"
0|4|8||2|4|5||||"61621:156556"|"61621:186751"
0|2|3||5|40|75||||"61621:156556"|"61621:186752"
0|4|8||2|4|5||||"61622:156571"|"61622:186760"
0|2|3||5|40|75||||"61622:156571"|"61622:186761"
0|7|14||2|4|5||||"61623:156585"|"61623:186769"
0|6|11||5|40|75||||"61623:156585"|"61623:186770"
0|6|11||5|40|75||||"61624:2314597"|"61624:4241453"
0|7|14||2|4|5||||"61624:2314597"|"61624:4241452"
0|7|14||2|4|5||||"61625:2314606"|"61625:4241458"
0|6|11||5|40|75||||"61625:2314606"|"61625:4241459"
5|8|15||2|45|75||||"61627:156628"|"61627:186804"
10|18|20||75|162|250||||"61627:156628"|"61627:186806"
20|23|45||75|162|250||||"61627:156629"|"61627:4235888"
10|11|25||2|45|75||||"61627:156629"|"61627:4235887"
10|20|25||2|45|75||||"61627:156630"|"61627:186810"
0|5|10||250|400|600||||"61627:156630"|"61627:186811"
20|49|50||75|162|250||||"61627:156630"|"61627:186812"
0|6|10||2|45|75||||"61628:156638"|"61628:186831"
0|4|10||75|162|250||||"61628:156638"|"61628:186833"
15|18|20||2|45|75||||"61628:156639"|"61628:186834"
0|5|20||75|162|250||||"61628:156639"|"61628:186836"
15|16|40||2|45|75||||"61628:156640"|"61628:186837"
0|20|20||75|162|250||||"61628:156640"|"61628:186839"
5|20|20||2|45|75||||"61628:156641"|"61628:186840"
0|1|5||250|400|600||||"61628:156641"|"61628:186841"
30|45|50||75|162|250||||"61628:156641"|"61628:186842"
0|5|10||75|162|250||||"61629:156650"|"61629:186868"
0|20|30||2|45|75||||"61629:156651"|"61629:186869"
0|15|15||75|100|250||||"61629:2310742"|"61629:4235893"
0|2|3||2|4|5||||"61630:156662"|"61630:186900"
0|2|3||2|4|5||||"61630:156663"|"61630:186901"
0|2|3||2|4|5||||"61630:156664"|"61630:186902"
0|6|10||2|4|5||||"61631:156049"|"61631:186046"
0|4|5||5|40|75||||"61631:156049"|"61631:186047"
0|10|20||2|45|75||||"61631:156050"|"61631:186048"
0|4|20||75|162|250||||"61631:156050"|"61631:186050"
30|40|50||2|45|75||||"61631:156051"|"61631:186051"
0|10|20||75|162|250||||"61631:156051"|"61631:186053"
0|4|5||5|40|75||||"61632:2313936"|"61632:4240425"
0|6|10||2|4|5||||"61632:2313936"|"61632:4240424"
0|10|20||2|45|75||||"61632:2313937"|"61632:4240426"
0|4|20||75|162|250||||"61632:2313937"|"61632:4240427"
30|40|50||2|45|75||||"61632:2313938"|"61632:4240428"
0|10|20||75|162|250||||"61632:2313938"|"61632:4240429"
0|6|10||2|4|5||||"61633:2313945"|"61633:4240442"
0|4|5||5|40|75||||"61633:2313945"|"61633:4240443"
0|10|20||2|45|75||||"61633:2313946"|"61633:4240444"
0|4|20||75|162|250||||"61633:2313946"|"61633:4240445"
30|40|50||2|45|75||||"61633:2313947"|"61633:4240446"
0|10|20||75|162|250||||"61633:2313947"|"61633:4240447"
0|6|10||2|4|5||||"61634:2313954"|"61634:4240460"
0|4|5||5|40|75||||"61634:2313954"|"61634:4240461"
0|10|20||2|45|75||||"61634:2313955"|"61634:4240462"
0|4|20||75|162|250||||"61634:2313955"|"61634:4240463"
0|10|20||75|162|250||||"61634:2313956"|"61634:4240465"
30|40|50||2|45|75||||"61634:2313956"|"61634:4240464"
0|5|10||75|100|250||||"61637:156687"|"61637:4235894"
15|20|25||2|30|75||||"61637:156687"|"61637:4235895"
0|10|30||75|100|250||||"61637:2310743"|"61637:4235897"
0|35|40||2|30|75||||"61637:2310743"|"61637:4235898"
0|1|5||250|400|600||||"61637:2310743"|"61637:4235896"
25|30|35||2|45|75||||"61638:156696"|"61638:186930"
5|10|20||75|162|250||||"61638:156696"|"61638:186932"
25|40|40||75|162|250||||"61638:156697"|"61638:4235901"
10|20|25||2|45|75||||"61638:156697"|"61638:4235902"
5|10|20||75|162|250||||"61638:2310744"|"61638:4235899"
25|30|35||2|45|75||||"61638:2310744"|"61638:4235900"
25|30|35||2|45|75||||"61639:2317151"|"61639:4245204"
5|10|20||75|162|250||||"61639:2317151"|"61639:4245205"
25|30|35||2|45|75||||"61639:2317152"|"61639:4245207"
5|10|20||75|162|250||||"61639:2317152"|"61639:4245206"
25|40|40||75|162|250||||"61639:2317153"|"61639:4245208"
10|20|25||2|45|75||||"61639:2317153"|"61639:4245209"
25|30|35||2|45|75||||"61640:2317170"|"61640:4245237"
5|10|20||75|162|250||||"61640:2317170"|"61640:4245238"
25|30|35||2|45|75||||"61640:2317171"|"61640:4245240"
5|10|20||75|162|250||||"61640:2317171"|"61640:4245239"
25|40|40||75|162|250||||"61640:2317172"|"61640:4245241"
10|20|25||2|45|75||||"61640:2317172"|"61640:4245242"
0|4|8||75|162|250||||"61641:156740"|"61641:187028"
0|6|11||2|4|5||||"61641:156740"|"61641:187026"
10|15|20||5|40|75||||"61641:156740"|"61641:187027"
0|6|11||2|4|5||||"61641:156741"|"61641:187029"
0|4|8||5|40|75||||"61641:156741"|"61641:187030"
0|3|6||75|162|250||||"61641:156741"|"61641:187031"
0|12|23||2|4|5||||"61641:156742"|"61641:187032"
4|15|26||5|40|75||||"61641:156742"|"61641:187033"
0|9|17||75|162|250||||"61641:156742"|"61641:187034"
25|30|35||2|45|75||||"61641:2317190"|"61641:4245272"
5|10|20||75|162|250||||"61641:2317190"|"61641:4245273"
25|30|35||2|45|75||||"61641:2317191"|"61641:4245275"
5|10|20||75|162|250||||"61641:2317191"|"61641:4245274"
10|20|25||2|45|75||||"61641:2317192"|"61641:4245277"
25|40|40||75|162|250||||"61641:2317192"|"61641:4245276"
11|17|23||5|40|75||||"61642:156753"|"61642:187057"
0|7|14||2|4|5||||"61642:156753"|"61642:187056"
0|10|20||2|4|5||||"61642:156754"|"61642:187058"
8|17|26||5|40|75||||"61642:156754"|"61642:187059"
0|7|14||2|4|5||||"61643:2310917"|"61643:4236279"
11|17|23||5|40|75||||"61643:2310917"|"61643:4236280"
8|17|26||5|40|75||||"61643:2310918"|"61643:4236282"
0|10|20||2|4|5||||"61643:2310918"|"61643:4236281"
0|4|8||5|40|75||||"61644:156770"|"61644:187076"
0|2|3||75|162|250||||"61644:156770"|"61644:187077"
0|6|11||2|4|5||||"61644:156770"|"61644:187075"
0|6|11||2|4|5||||"61645:156789"|"61645:187096"
0|4|8||5|40|75||||"61645:156789"|"61645:187097"
0|2|3||75|162|250||||"61645:156789"|"61645:187098"
0|2|3||2|4|5||||"61646:156805"|"61646:187116"
0|2|3||2|4|5||||"61646:156806"|"61646:187117"
0|2|3||2|4|5||||"61646:156807"|"61646:187118"
0|2|3||2|4|5||||"61647:156822"|"61647:187133"
0|2|3||2|4|5||||"61647:156823"|"61647:187134"
0|2|3||2|4|5||||"61647:156824"|"61647:187135"
0|2|3||2|4|5||||"61648:2317306"|"61648:4245419"
0|2|3||2|4|5||||"61648:2317307"|"61648:4245420"
0|2|3||2|4|5||||"61648:2317308"|"61648:4245421"
0|4|7||2|4|5||||"61649:156853"|"61649:187167"
11|15|19||5|40|75||||"61649:156853"|"61649:187168"
8|14|20||75|162|250||||"61649:156853"|"61649:187169"
0|5|10||2|4|5||||"61649:156854"|"61649:187170"
5|11|16||5|40|75||||"61649:156854"|"61649:187171"
17|24|31||75|162|250||||"61649:156854"|"61649:187172"
0|2|4||2|4|5||||"61649:156855"|"61649:187173"
1|3|4||5|40|75||||"61649:156855"|"61649:187174"
37|41|45||75|162|250||||"61649:156855"|"61649:187175"
0|4|7||2|4|5||||"61650:2317345"|"61650:4245478"
11|15|19||5|40|75||||"61650:2317345"|"61650:4245479"
8|14|20||75|162|250||||"61650:2317345"|"61650:4245480"
5|11|16||5|40|75||||"61650:2317346"|"61650:4245482"
17|24|31||75|162|250||||"61650:2317346"|"61650:4245483"
0|5|10||2|4|5||||"61650:2317346"|"61650:4245481"
0|2|4||2|4|5||||"61650:2317347"|"61650:4245484"
1|3|4||5|40|75||||"61650:2317347"|"61650:4245485"
37|41|45||75|162|250||||"61650:2317347"|"61650:4245486"
0|4|8||2|4|5||||"61651:156885"|"61651:187241"
8|11|14||5|40|75||||"61651:156885"|"61651:187242"
0|3|6||75|162|250||||"61651:156885"|"61651:187243"
0|4|8||2|4|5||||"61651:156886"|"61651:187244"
0|3|6||5|40|75||||"61651:156886"|"61651:187245"
0|4|8||75|162|250||||"61651:156886"|"61651:187246"
0|4|7||2|4|5||||"61651:2317364"|"61651:4245518"
11|15|19||5|40|75||||"61651:2317364"|"61651:4245519"
8|14|20||75|162|250||||"61651:2317364"|"61651:4245520"
0|5|10||2|4|5||||"61651:2317365"|"61651:4245521"
5|11|16||5|40|75||||"61651:2317365"|"61651:4245522"
17|24|31||75|162|250||||"61651:2317365"|"61651:4245523"
1|3|4||5|40|75||||"61651:2317366"|"61651:4245525"
37|41|45||75|162|250||||"61651:2317366"|"61651:4245526"
0|2|4||2|4|5||||"61651:2317366"|"61651:4245524"
0|3|6||75|162|250||||"61654:156919"|"61654:187274"
0|10|20||2|4|5||||"61654:156919"|"61654:187272"
2|8|14||5|40|75||||"61654:156919"|"61654:187273"
0|5|10||2|4|5||||"61654:156920"|"61654:187275"
2|5|8||5|40|75||||"61654:156920"|"61654:187276"
6|10|14||75|162|250||||"61654:156920"|"61654:187277"
18|23|28||5|40|75||||"61654:156921"|"61654:187279"
0|3|6||75|162|250||||"61654:156921"|"61654:187280"
0|9|17||2|4|5||||"61654:156921"|"61654:187278"
0|3|6||2|4|5||||"61655:156935"|"61655:187315"
0|2|3||5|40|75||||"61655:156935"|"61655:187316"
0|3|6||2|4|5||||"61655:156936"|"61655:187317"
0|2|3||5|40|75||||"61655:156936"|"61655:187318"
11|15|19||5|40|75||||"61655:156937"|"61655:187320"
23|26|28||75|162|250||||"61655:156937"|"61655:187321"
0|3|5||2|4|5||||"61655:156937"|"61655:187319"
0|2|3||2|4|5||||"61656:156945"|"61656:187342"
0|2|3||2|4|5||||"61656:156946"|"61656:187343"
0|2|3||2|4|5||||"61657:156960"|"61657:187362"
0|2|3||2|4|5||||"61657:156961"|"61657:187363"
0|2|3||2|4|5||||"61658:156975"|"61658:187382"
0|2|3||2|4|5||||"61658:156976"|"61658:187383"
0|2|3||2|4|5||||"61659:156987"|"61659:187400"
0|2|3||2|4|5||||"61659:156988"|"61659:187401"
0|7|13||2|4|5||||"61660:156998"|"61660:187423"
0|6|11||5|40|75||||"61660:156998"|"61660:187424"
0|3|6||75|162|250||||"61660:156998"|"61660:187425"
3|6|8||250|625|1000||||"61660:156998"|"61660:187426"
3|6|8||250|625|1000||||"61660:156999"|"61660:187430"
0|6|11||2|4|5||||"61660:156999"|"61660:187427"
0|6|11||5|40|75||||"61660:156999"|"61660:187428"
0|3|6||75|162|250||||"61660:156999"|"61660:187429"
0|5|9||5|40|75||||"61660:157000"|"61660:187432"
6|10|14||75|162|250||||"61660:157000"|"61660:187433"
6|7|8||250|625|1000||||"61660:157000"|"61660:187434"
0|5|9||2|4|5||||"61660:157000"|"61660:187431"
3|6|8||250|625|1000||||"61661:157017"|"61661:187462"
0|7|13||2|4|5||||"61661:157017"|"61661:187459"
0|6|11||5|40|75||||"61661:157017"|"61661:187460"
0|3|6||75|162|250||||"61661:157017"|"61661:187461"
0|6|11||5|40|75||||"61661:157018"|"61661:187464"
0|3|6||75|162|250||||"61661:157018"|"61661:187465"
3|6|8||250|625|1000||||"61661:157018"|"61661:187466"
0|6|11||2|4|5||||"61661:157018"|"61661:187463"
0|5|9||2|4|5||||"61661:157019"|"61661:187467"
0|5|9||5|40|75||||"61661:157019"|"61661:187468"
6|10|14||75|162|250||||"61661:157019"|"61661:187469"
6|7|8||250|625|1000||||"61661:157019"|"61661:187470"
0|7|13||2|4|5||||"61662:157036"|"61662:187495"
0|6|11||5|40|75||||"61662:157036"|"61662:187496"
0|3|6||75|162|250||||"61662:157036"|"61662:187497"
3|6|8||250|625|1000||||"61662:157036"|"61662:187498"
0|6|11||5|40|75||||"61662:157037"|"61662:187500"
0|3|6||75|162|250||||"61662:157037"|"61662:187501"
3|6|8||250|625|1000||||"61662:157037"|"61662:187502"
0|6|11||2|4|5||||"61662:157037"|"61662:187499"
0|5|9||2|4|5||||"61662:157038"|"61662:187503"
0|5|9||5|40|75||||"61662:157038"|"61662:187504"
6|10|14||75|162|250||||"61662:157038"|"61662:187505"
6|7|8||250|625|1000||||"61662:157038"|"61662:187506"
8|11|14||75|162|250||||"61663:157052"|"61663:187537"
0|4|7||2|4|5||||"61663:157052"|"61663:187535"
2|5|7||5|40|75||||"61663:157052"|"61663:187536"
2|3|4||5|40|75||||"61663:157053"|"61663:187539"
11|14|17||75|162|250||||"61663:157053"|"61663:187540"
0|2|4||2|4|5||||"61663:157053"|"61663:187538"
0|4|7||2|4|5||||"61663:157054"|"61663:187541"
1|4|7||5|40|75||||"61663:157054"|"61663:187542"
8|18|28||75|162|250||||"61663:157054"|"61663:187543"
2|5|7||5|40|75||||"61664:2311287"|"61664:4236821"
8|11|14||75|162|250||||"61664:2311287"|"61664:4236822"
0|4|7||2|4|5||||"61664:2311287"|"61664:4236820"
0|2|4||2|4|5||||"61664:2311288"|"61664:4236823"
2|3|4||5|40|75||||"61664:2311288"|"61664:4236824"
11|14|17||75|162|250||||"61664:2311288"|"61664:4236825"
8|18|28||75|162|250||||"61664:2311289"|"61664:4236828"
0|4|7||2|4|5||||"61664:2311289"|"61664:4236826"
1|4|7||5|40|75||||"61664:2311289"|"61664:4236827"
0|2|3||2|4|5||||"61665:157074"|"61665:187597"
0|2|3||2|4|5||||"61666:157089"|"61666:187606"
0|2|3||2|4|5||||"61667:157104"|"61667:187615"
30|45|50||2|45|75||||"61668:157119"|"61668:187624"
10|10|20||75|162|250||||"61668:157119"|"61668:187626"
20|50|50||75|162|250||||"61668:157120"|"61668:4236528"
15|20|60||2|45|75||||"61668:157120"|"61668:4236527"
0|7|13||2|4|5||||"61668:157121"|"61668:187630"
10|16|22||5|40|75||||"61668:157121"|"61668:187631"
3|5|6||75|162|250||||"61668:157121"|"61668:187632"
0|9|17||2|4|5||||"61668:157122"|"61668:187633"
8|20|31||5|40|75||||"61668:157122"|"61668:187634"
8|18|28||75|162|250||||"61668:157122"|"61668:187635"
0|3|6||250|625|1000||||"61668:157122"|"61668:187636"
10|10|20||75|162|250||||"61669:2317404"|"61669:4245582"
30|45|50||2|45|75||||"61669:2317404"|"61669:4245581"
15|20|60||2|45|75||||"61669:2317405"|"61669:4245583"
20|50|50||75|162|250||||"61669:2317405"|"61669:4245584"
0|7|13||2|4|5||||"61669:2317441"|"61669:4245669"
10|16|22||5|40|75||||"61669:2317441"|"61669:4245670"
3|5|6||75|162|250||||"61669:2317441"|"61669:4245671"
0|9|17||2|4|5||||"61669:2317442"|"61669:4245672"
8|20|31||5|40|75||||"61669:2317442"|"61669:4245673"
8|18|28||75|162|250||||"61669:2317442"|"61669:4245674"
0|3|6||250|625|1000||||"61669:2317442"|"61669:4245675"
10|10|20||75|162|250||||"61670:2317415"|"61670:4245607"
30|45|50||2|45|75||||"61670:2317415"|"61670:4245606"
20|50|50||75|162|250||||"61670:2317416"|"61670:4245609"
15|20|60||2|45|75||||"61670:2317416"|"61670:4245608"
0|7|13||2|4|5||||"61670:2317445"|"61670:4245683"
10|16|22||5|40|75||||"61670:2317445"|"61670:4245684"
3|5|6||75|162|250||||"61670:2317445"|"61670:4245685"
0|9|17||2|4|5||||"61670:2317446"|"61670:4245686"
8|20|31||5|40|75||||"61670:2317446"|"61670:4245687"
8|18|28||75|162|250||||"61670:2317446"|"61670:4245688"
0|3|6||250|625|1000||||"61670:2317446"|"61670:4245689"
2|6|10||5|40|75||||"61671:156109"|"61671:186173"
8|13|17||75|162|250||||"61671:156109"|"61671:186174"
0|2|3||250|625|1000||||"61671:156109"|"61671:186175"
0|6|12||2|4|5||||"61671:156109"|"61671:186172"
3|9|14||75|162|250||||"61671:156110"|"61671:186178"
0|2|3||250|625|1000||||"61671:156110"|"61671:186179"
0|10|19||2|4|5||||"61671:156110"|"61671:186176"
12|20|27||5|40|75||||"61671:156110"|"61671:186177"
0|2|3||250|625|1000||||"61671:156111"|"61671:186183"
0|11|22||2|4|5||||"61671:156111"|"61671:186180"
7|17|27||5|40|75||||"61671:156111"|"61671:186181"
3|10|17||75|162|250||||"61671:156111"|"61671:186182"
0|6|12||2|4|5||||"61672:2314396"|"61672:4241030"
2|6|10||5|40|75||||"61672:2314396"|"61672:4241031"
8|13|17||75|162|250||||"61672:2314396"|"61672:4241032"
0|2|3||250|625|1000||||"61672:2314396"|"61672:4241033"
0|10|19||2|4|5||||"61672:2314397"|"61672:4241034"
12|20|27||5|40|75||||"61672:2314397"|"61672:4241035"
3|9|14||75|162|250||||"61672:2314397"|"61672:4241036"
0|2|3||250|625|1000||||"61672:2314397"|"61672:4241037"
3|10|17||75|162|250||||"61672:2314398"|"61672:4241040"
0|2|3||250|625|1000||||"61672:2314398"|"61672:4241041"
0|11|22||2|4|5||||"61672:2314398"|"61672:4241038"
7|17|27||5|40|75||||"61672:2314398"|"61672:4241039"
0|6|12||2|4|5||||"61673:157155"|"61673:187708"
10|17|24||5|40|75||||"61673:157155"|"61673:187709"
3|5|6||75|162|250||||"61673:157155"|"61673:187710"
6|9|11||250|625|1000||||"61673:157155"|"61673:187711"
0|7|14||2|4|5||||"61673:157156"|"61673:187712"
9|17|25||5|40|75||||"61673:157156"|"61673:187713"
11|21|31||75|162|250||||"61673:157156"|"61673:187714"
8|17|26||5|40|75||||"61673:157157"|"61673:187716"
17|24|31||75|162|250||||"61673:157157"|"61673:187717"
0|8|16||2|4|5||||"61673:157157"|"61673:187715"
0|4|7||2|4|5||||"61674:2311299"|"61674:4236855"
2|5|7||5|40|75||||"61674:2311299"|"61674:4236856"
8|11|14||75|162|250||||"61674:2311299"|"61674:4236857"
0|2|4||2|4|5||||"61674:2311300"|"61674:4236858"
2|3|4||5|40|75||||"61674:2311300"|"61674:4236859"
11|14|17||75|162|250||||"61674:2311300"|"61674:4236860"
8|18|28||75|162|250||||"61674:2311301"|"61674:4236863"
0|4|7||2|4|5||||"61674:2311301"|"61674:4236861"
1|4|7||5|40|75||||"61674:2311301"|"61674:4236862"
6|9|11||250|625|1000||||"61674:2317503"|"61674:4245824"
0|6|12||2|4|5||||"61674:2317503"|"61674:4245821"
10|17|24||5|40|75||||"61674:2317503"|"61674:4245822"
3|5|6||75|162|250||||"61674:2317503"|"61674:4245823"
11|21|31||75|162|250||||"61674:2317504"|"61674:4245827"
0|7|14||2|4|5||||"61674:2317504"|"61674:4245825"
9|17|25||5|40|75||||"61674:2317504"|"61674:4245826"
0|8|16||2|4|5||||"61674:2317505"|"61674:4245828"
8|17|26||5|40|75||||"61674:2317505"|"61674:4245829"
17|24|31||75|162|250||||"61674:2317505"|"61674:4245830"
0|2|3||2|4|5||||"61675:157179"|"61675:187771"
0|2|3||2|4|5||||"61675:157180"|"61675:187772"
0|14|28||2|4|5||||"61675:157181"|"61675:187773"
14|24|34||5|40|75||||"61675:157181"|"61675:187774"
0|2|3||2|4|5||||"61676:2311341"|"61676:4236931"
0|2|3||2|4|5||||"61676:2311342"|"61676:4236932"
0|14|28||2|4|5||||"61676:2311343"|"61676:4236933"
14|24|34||5|40|75||||"61676:2311343"|"61676:4236934"
0|2|3||2|4|5||||"61677:2311353"|"61677:4236947"
0|2|3||2|4|5||||"61677:2311354"|"61677:4236948"
0|14|28||2|4|5||||"61677:2311355"|"61677:4236949"
14|24|34||5|40|75||||"61677:2311355"|"61677:4236950"
0|2|3||2|4|5||||"61678:2311368"|"61678:4236964"
0|2|3||2|4|5||||"61678:2311369"|"61678:4236965"
0|14|28||2|4|5||||"61678:2311370"|"61678:4236966"
14|24|34||5|40|75||||"61678:2311370"|"61678:4236967"
0|2|3||2|4|5||||"61679:157236"|"61679:187803"
0|2|3||5|40|75||||"61679:157236"|"61679:187804"
0|2|3||2|4|5||||"61680:2311434"|"61680:4237075"
0|2|3||5|40|75||||"61680:2311434"|"61680:4237076"
0|2|3||2|4|5||||"61681:2311450"|"61681:4237084"
0|2|3||5|40|75||||"61681:2311450"|"61681:4237085"
0|2|3||2|4|5||||"61682:2311468"|"61682:4237103"
0|2|3||5|40|75||||"61682:2311468"|"61682:4237104"
0|3|6||2|4|5||||"61683:157288"|"61683:187875"
0|2|3||5|40|75||||"61683:157288"|"61683:187876"
0|3|6||2|4|5||||"61683:157289"|"61683:187877"
0|2|3||5|40|75||||"61683:157289"|"61683:187878"
0|4|8||2|4|5||||"61683:157290"|"61683:187879"
0|2|3||5|40|75||||"61683:157290"|"61683:187880"
0|7|14||2|4|5||||"61685:157316"|"61685:187911"
0|4|8||5|40|75||||"61685:157316"|"61685:187912"
0|7|14||2|4|5||||"61685:157317"|"61685:187913"
0|4|8||5|40|75||||"61685:157317"|"61685:187914"
3|6|8||5|40|75||||"61686:157327"|"61686:187917"
0|2|3||75|162|250||||"61686:157327"|"61686:187918"
1|9|17||2|4|5||||"61686:157327"|"61686:187916"
0|4|8||2|4|5||||"61686:157328"|"61686:187919"
0|3|6||5|40|75||||"61686:157328"|"61686:187920"
0|3|6||75|162|250||||"61686:157328"|"61686:187921"
1|9|17||2|4|5||||"61687:2317586"|"61687:4245979"
3|6|8||5|40|75||||"61687:2317586"|"61687:4245980"
0|2|3||75|162|250||||"61687:2317586"|"61687:4245981"
0|4|8||2|4|5||||"61687:2317587"|"61687:4245982"
0|3|6||5|40|75||||"61687:2317587"|"61687:4245983"
0|3|6||75|162|250||||"61687:2317587"|"61687:4245984"
0|2|3||75|162|250||||"61688:2317590"|"61688:4245993"
1|9|17||2|4|5||||"61688:2317590"|"61688:4245991"
3|6|8||5|40|75||||"61688:2317590"|"61688:4245992"
0|3|6||5|40|75||||"61688:2317591"|"61688:4245995"
0|3|6||75|162|250||||"61688:2317591"|"61688:4245996"
0|4|8||2|4|5||||"61688:2317591"|"61688:4245994"
0|6|14||2|4|5||||"61689:157362"|"61689:188009"
0|6|11||5|40|75||||"61689:157362"|"61689:188010"
0|2|3||75|162|250||||"61689:157362"|"61689:188011"
0|4|8||75|162|250||||"61689:157363"|"61689:188014"
0|12|23||2|4|5||||"61689:157363"|"61689:188012"
0|10|20||5|40|75||||"61689:157363"|"61689:188013"
5|10|15||2|45|75||||"61690:156135"|"61690:186238"
15|22|30||75|162|250||||"61690:156135"|"61690:186240"
20|49|50||75|162|250||||"61690:156136"|"61690:186243"
15|20|30||2|45|75||||"61690:156136"|"61690:186241"
0|3|20||250|400|600||||"61690:156136"|"61690:186242"
15|22|30||75|162|250||||"61691:2314405"|"61691:4241067"
5|10|15||2|45|75||||"61691:2314405"|"61691:4241066"
20|49|50||75|162|250||||"61691:2314406"|"61691:4241070"
15|20|30||2|45|75||||"61691:2314406"|"61691:4241068"
0|3|20||250|400|600||||"61691:2314406"|"61691:4241069"
0|9|17||2|4|5||||"61692:157375"|"61692:188039"
0|7|14||5|40|75||||"61692:157375"|"61692:188040"
8|17|25||75|162|250||||"61692:157375"|"61692:188041"
0|6|11||2|4|5||||"61692:157376"|"61692:188042"
0|4|8||5|40|75||||"61692:157376"|"61692:188043"
0|3|6||75|162|250||||"61692:157376"|"61692:188044"
0|3|6||2|4|5||||"61692:157377"|"61692:188045"
0|3|6||5|40|75||||"61692:157377"|"61692:188046"
0|7|14||75|162|250||||"61692:157377"|"61692:188047"
0|9|17||2|4|5||||"61693:2317671"|"61693:4246140"
0|7|14||5|40|75||||"61693:2317671"|"61693:4246141"
8|17|25||75|162|250||||"61693:2317671"|"61693:4246142"
0|6|11||2|4|5||||"61693:2317672"|"61693:4246143"
0|4|8||5|40|75||||"61693:2317672"|"61693:4246144"
0|3|6||75|162|250||||"61693:2317672"|"61693:4246145"
0|7|14||75|162|250||||"61693:2317673"|"61693:4246148"
0|3|6||2|4|5||||"61693:2317673"|"61693:4246146"
0|3|6||5|40|75||||"61693:2317673"|"61693:4246147"
0|7|14||5|40|75||||"61694:2317692"|"61694:4246187"
8|17|25||75|162|250||||"61694:2317692"|"61694:4246188"
0|9|17||2|4|5||||"61694:2317692"|"61694:4246186"
0|3|6||75|162|250||||"61694:2317693"|"61694:4246191"
0|6|11||2|4|5||||"61694:2317693"|"61694:4246189"
0|4|8||5|40|75||||"61694:2317693"|"61694:4246190"
0|3|6||5|40|75||||"61694:2317694"|"61694:4246193"
0|7|14||75|162|250||||"61694:2317694"|"61694:4246194"
0|3|6||2|4|5||||"61694:2317694"|"61694:4246192"
0|4|8||2|4|5||||"61695:157420"|"61695:188142"
0|3|6||5|40|75||||"61695:157420"|"61695:188143"
0|3|6||75|162|250||||"61695:157421"|"61695:188146"
0|12|23||2|4|5||||"61695:157421"|"61695:188144"
2|13|23||5|40|75||||"61695:157421"|"61695:188145"
0|10|20||75|162|250||||"61695:157422"|"61695:188149"
0|2|3||250|625|1000||||"61695:157422"|"61695:188150"
0|10|20||2|4|5||||"61695:157422"|"61695:188147"
14|28|42||5|40|75||||"61695:157422"|"61695:188148"
0|4|8||2|4|5||||"61696:2317728"|"61696:4246252"
0|3|6||5|40|75||||"61696:2317728"|"61696:4246253"
0|12|23||2|4|5||||"61696:2317729"|"61696:4246254"
2|13|23||5|40|75||||"61696:2317729"|"61696:4246255"
0|3|6||75|162|250||||"61696:2317729"|"61696:4246256"
0|10|20||2|4|5||||"61696:2317730"|"61696:4246257"
14|28|42||5|40|75||||"61696:2317730"|"61696:4246258"
0|10|20||75|162|250||||"61696:2317730"|"61696:4246259"
0|2|3||250|625|1000||||"61696:2317730"|"61696:4246260"
3|7|10||5|40|75||||"61697:157436"|"61697:188175"
23|27|31||75|162|250||||"61697:157436"|"61697:188176"
0|3|6||250|625|1000||||"61697:157436"|"61697:188177"
0|4|7||2|4|5||||"61697:157436"|"61697:188174"
11|14|17||75|162|250||||"61697:157437"|"61697:188180"
11|14|17||250|625|1000||||"61697:157437"|"61697:188181"
0|4|7||2|4|5||||"61697:157437"|"61697:188178"
3|7|10||5|40|75||||"61697:157437"|"61697:188179"
0|4|8||2|4|5||||"61698:157443"|"61698:188197"
0|4|8||75|162|250||||"61698:157443"|"61698:188198"
0|9|17||5|40|75||||"61698:157444"|"61698:188200"
0|9|17||75|162|250||||"61698:157444"|"61698:188201"
0|14|28||2|4|5||||"61698:157444"|"61698:188199"
0|4|8||2|4|5||||"61699:2311765"|"61699:4237486"
0|4|8||75|162|250||||"61699:2311765"|"61699:4237487"
0|9|17||75|162|250||||"61699:2311766"|"61699:4237490"
0|14|28||2|4|5||||"61699:2311766"|"61699:4237488"
0|9|17||5|40|75||||"61699:2311766"|"61699:4237489"
0|4|8||2|4|5||||"61700:2311774"|"61700:4237501"
0|4|8||75|162|250||||"61700:2311774"|"61700:4237502"
0|14|28||2|4|5||||"61700:2311775"|"61700:4237503"
0|9|17||5|40|75||||"61700:2311775"|"61700:4237504"
0|9|17||75|162|250||||"61700:2311775"|"61700:4237505"
0|6|11||2|4|5||||"61701:157479"|"61701:188269"
17|23|28||5|40|75||||"61701:157479"|"61701:188270"
0|4|8||75|162|250||||"61701:157479"|"61701:188271"
3|15|26||5|40|75||||"61701:157480"|"61701:188273"
8|17|25||75|162|250||||"61701:157480"|"61701:188274"
0|12|24||2|4|5||||"61701:157480"|"61701:188272"
0|8|16||5|40|75||||"61701:157481"|"61701:188276"
0|16|31||75|162|250||||"61701:157481"|"61701:188277"
17|29|40||250|625|1000||||"61701:157481"|"61701:188278"
0|10|20||2|4|5||||"61701:157481"|"61701:188275"
3|9|15||5|40|75||||"61702:157498"|"61702:188317"
23|30|37||75|162|250||||"61702:157498"|"61702:188318"
0|6|12||2|4|5||||"61702:157498"|"61702:188316"
23|30|37||75|162|250||||"61702:157499"|"61702:188321"
0|6|12||2|4|5||||"61702:157499"|"61702:188319"
3|9|15||5|40|75||||"61702:157499"|"61702:188320"
0|4|8||75|162|250||||"61702:2317760"|"61702:4246315"
0|6|11||2|4|5||||"61702:2317760"|"61702:4246313"
17|23|28||5|40|75||||"61702:2317760"|"61702:4246314"
0|12|24||2|4|5||||"61702:2317761"|"61702:4246316"
3|15|26||5|40|75||||"61702:2317761"|"61702:4246317"
8|17|25||75|162|250||||"61702:2317761"|"61702:4246318"
0|10|20||2|4|5||||"61702:2317762"|"61702:4246319"
0|8|16||5|40|75||||"61702:2317762"|"61702:4246320"
0|16|31||75|162|250||||"61702:2317762"|"61702:4246321"
17|29|40||250|625|1000||||"61702:2317762"|"61702:4246322"
0|6|11||2|4|5||||"61703:2317781"|"61703:4246363"
17|23|28||5|40|75||||"61703:2317781"|"61703:4246364"
0|4|8||75|162|250||||"61703:2317781"|"61703:4246365"
3|15|26||5|40|75||||"61703:2317782"|"61703:4246367"
8|17|25||75|162|250||||"61703:2317782"|"61703:4246368"
0|12|24||2|4|5||||"61703:2317782"|"61703:4246366"
0|16|31||75|162|250||||"61703:2317783"|"61703:4246371"
17|29|40||250|625|1000||||"61703:2317783"|"61703:4246372"
0|10|20||2|4|5||||"61703:2317783"|"61703:4246369"
0|8|16||5|40|75||||"61703:2317783"|"61703:4246370"
3|9|15||5|40|75||||"61703:2317837"|"61703:4246439"
23|30|37||75|162|250||||"61703:2317837"|"61703:4246440"
0|6|12||2|4|5||||"61703:2317837"|"61703:4246438"
3|9|15||5|40|75||||"61703:2317838"|"61703:4246442"
23|30|37||75|162|250||||"61703:2317838"|"61703:4246443"
0|6|12||2|4|5||||"61703:2317838"|"61703:4246441"
0|5|10||2|45|75||||"61704:157524"|"61704:4237741"
0|7|15||2|45|75||||"61704:157525"|"61704:188380"
0|60|60||2|45|75||||"61704:157526"|"61704:188382"
0|5|10||75|162|250||||"61704:157526"|"61704:188384"
0|5|15||2|45|75||||"61704:2311886"|"61704:4237737"
0|7|14||2|4|5||||"61705:157541"|"61705:188392"
0|7|14||5|40|75||||"61705:157541"|"61705:188393"
0|5|15||2|45|75||||"61705:2887623"|"61705:5241139"
0|5|10||75|162|250||||"61705:2887624"|"61705:5241141"
0|60|60||2|45|75||||"61705:2887624"|"61705:5241140"
0|2|3||75|162|250||||"61707:156158"|"61707:186296"
0|6|11||2|4|5||||"61707:156158"|"61707:186294"
24|29|34||5|40|75||||"61707:156158"|"61707:186295"
0|9|18||2|4|5||||"61707:156159"|"61707:186297"
8|18|28||5|40|75||||"61707:156159"|"61707:186298"
17|24|31||75|162|250||||"61707:156159"|"61707:186299"
5|10|15||2|45|75||||"61707:2314409"|"61707:4241076"
15|22|30||75|162|250||||"61707:2314409"|"61707:4241077"
20|49|50||75|162|250||||"61707:2314410"|"61707:4241080"
15|20|30||2|45|75||||"61707:2314410"|"61707:4241078"
0|3|20||250|400|600||||"61707:2314410"|"61707:4241079"
0|2|3||2|4|5||||"61708:157557"|"61708:188404"
0|2|3||2|4|5||||"61708:157558"|"61708:188405"
0|2|3||2|4|5||||"61709:2311954"|"61709:4237783"
0|2|3||2|4|5||||"61709:2311955"|"61709:4237784"
0|2|3||2|4|5||||"61710:2311963"|"61710:4237789"
0|2|3||2|4|5||||"61710:2311964"|"61710:4237790"
0|2|4||5|40|75||||"61714:157632"|"61714:188444"
14|17|20||75|162|250||||"61714:157632"|"61714:188445"
0|3|6||2|4|5||||"61714:157632"|"61714:188443"
11|18|25||75|162|250||||"61714:157633"|"61714:188448"
0|7|14||2|4|5||||"61714:157633"|"61714:188446"
6|12|18||5|40|75||||"61714:157633"|"61714:188447"
0|3|6||2|4|5||||"61715:2317885"|"61715:4246546"
0|2|4||5|40|75||||"61715:2317885"|"61715:4246547"
14|17|20||75|162|250||||"61715:2317885"|"61715:4246548"
6|12|18||5|40|75||||"61715:2317886"|"61715:4246550"
11|18|25||75|162|250||||"61715:2317886"|"61715:4246551"
0|7|14||2|4|5||||"61715:2317886"|"61715:4246549"
8|13|17||75|162|250||||"61717:157661"|"61717:188505"
0|2|3||250|625|1000||||"61717:157661"|"61717:188506"
0|6|12||2|4|5||||"61717:157661"|"61717:188503"
2|6|10||5|40|75||||"61717:157661"|"61717:188504"
3|10|17||75|162|250||||"61717:157662"|"61717:188509"
0|2|3||250|625|1000||||"61717:157662"|"61717:188510"
0|8|16||2|4|5||||"61717:157662"|"61717:188507"
2|8|13||5|40|75||||"61717:157662"|"61717:188508"
1|8|14||2|4|5||||"61719:157674"|"61719:188532"
0|2|3||5|40|75||||"61719:157674"|"61719:188533"
0|2|3||75|162|250||||"61719:157675"|"61719:188536"
0|9|17||2|4|5||||"61719:157675"|"61719:188534"
11|19|26||5|40|75||||"61719:157675"|"61719:188535"
6|7|8||75|162|250||||"61719:157676"|"61719:188539"
0|10|20||2|4|5||||"61719:157676"|"61719:188537"
22|30|38||5|40|75||||"61719:157676"|"61719:188538"
0|2|3||5|40|75||||"61720:2317958"|"61720:4246635"
1|8|14||2|4|5||||"61720:2317958"|"61720:4246634"
0|9|17||2|4|5||||"61720:2317959"|"61720:4246636"
11|19|26||5|40|75||||"61720:2317959"|"61720:4246637"
0|2|3||75|162|250||||"61720:2317959"|"61720:4246638"
22|30|38||5|40|75||||"61720:2317960"|"61720:4246640"
6|7|8||75|162|250||||"61720:2317960"|"61720:4246641"
0|10|20||2|4|5||||"61720:2317960"|"61720:4246639"
1|8|14||2|4|5||||"61721:2317981"|"61721:4246661"
0|2|3||5|40|75||||"61721:2317981"|"61721:4246662"
11|19|26||5|40|75||||"61721:2317982"|"61721:4246664"
0|2|3||75|162|250||||"61721:2317982"|"61721:4246665"
0|9|17||2|4|5||||"61721:2317982"|"61721:4246663"
22|30|38||5|40|75||||"61721:2317983"|"61721:4246667"
6|7|8||75|162|250||||"61721:2317983"|"61721:4246668"
0|10|20||2|4|5||||"61721:2317983"|"61721:4246666"
0|2|5||2|45|75||||"61722:157708"|"61722:188604"
0|3|10||2|45|75||||"61722:157709"|"61722:188607"
10|10|30||2|45|75||||"61722:157710"|"61722:188610"
0|20|20||250|400|600||||"61722:157710"|"61722:188611"
5|5|20||75|162|250||||"61722:157710"|"61722:188612"
0|2|5||2|45|75||||"61723:2312355"|"61723:4238366"
0|3|10||2|45|75||||"61723:2312356"|"61723:4238367"
5|5|20||75|162|250||||"61723:2312357"|"61723:4238370"
10|10|30||2|45|75||||"61723:2312357"|"61723:4238368"
0|20|20||250|400|600||||"61723:2312357"|"61723:4238369"
0|2|5||2|45|75||||"61724:2312371"|"61724:4238386"
0|3|10||2|45|75||||"61724:2312372"|"61724:4238387"
10|10|30||2|45|75||||"61724:2312373"|"61724:4238388"
0|20|20||250|400|600||||"61724:2312373"|"61724:4238389"
5|5|20||75|162|250||||"61724:2312373"|"61724:4238390"
0|2|5||2|45|75||||"61725:2312393"|"61725:4238420"
0|3|10||2|45|75||||"61725:2312394"|"61725:4238421"
10|10|30||2|45|75||||"61725:2312395"|"61725:4238422"
0|20|20||250|400|600||||"61725:2312395"|"61725:4238423"
5|5|20||75|162|250||||"61725:2312395"|"61725:4238424"
0|7|14||2|4|5||||"61726:157774"|"61726:188722"
0|7|14||5|40|75||||"61726:157774"|"61726:188723"
8|13|17||5|40|75||||"61726:157775"|"61726:188725"
0|3|6||75|162|250||||"61726:157775"|"61726:188726"
0|9|17||2|4|5||||"61726:157775"|"61726:188724"
0|7|13||2|4|5||||"61726:157776"|"61726:188727"
15|23|31||5|40|75||||"61726:157776"|"61726:188728"
6|13|20||75|162|250||||"61726:157776"|"61726:188729"
6|13|20||75|162|250||||"61726:157777"|"61726:188732"
0|7|13||2|4|5||||"61726:157777"|"61726:188730"
18|27|36||5|40|75||||"61726:157777"|"61726:188731"
0|7|14||5|40|75||||"61727:2318137"|"61727:4246841"
0|7|14||2|4|5||||"61727:2318137"|"61727:4246840"
0|9|17||2|4|5||||"61727:2318138"|"61727:4246842"
8|13|17||5|40|75||||"61727:2318138"|"61727:4246843"
0|3|6||75|162|250||||"61727:2318138"|"61727:4246844"
0|7|13||2|4|5||||"61727:2318139"|"61727:4246845"
15|23|31||5|40|75||||"61727:2318139"|"61727:4246846"
6|13|20||75|162|250||||"61727:2318139"|"61727:4246847"
0|7|13||2|4|5||||"61727:2318140"|"61727:4246848"
18|27|36||5|40|75||||"61727:2318140"|"61727:4246849"
6|13|20||75|162|250||||"61727:2318140"|"61727:4246850"
0|13|26||5|40|75||||"61728:156170"|"61728:186317"
0|14|28||2|4|5||||"61728:156170"|"61728:186316"
0|4|8||2|4|5||||"61729:157801"|"61729:188769"
0|3|6||5|40|75||||"61729:157801"|"61729:188770"
0|3|6||2|4|5||||"61729:157802"|"61729:188771"
0|2|3||5|40|75||||"61729:157802"|"61729:188772"
0|4|8||2|4|5||||"61730:2312592"|"61730:4238771"
0|3|6||5|40|75||||"61730:2312592"|"61730:4238772"
0|3|6||2|4|5||||"61730:2312593"|"61730:4238773"
0|2|3||5|40|75||||"61730:2312593"|"61730:4238774"
0|4|8||2|4|5||||"61731:2312609"|"61731:4238793"
0|3|6||5|40|75||||"61731:2312609"|"61731:4238794"
0|3|6||2|4|5||||"61731:2312610"|"61731:4238795"
0|2|3||5|40|75||||"61731:2312610"|"61731:4238796"
0|4|8||2|4|5||||"61732:2312650"|"61732:4238869"
0|3|6||5|40|75||||"61732:2312650"|"61732:4238870"
0|3|6||2|4|5||||"61732:2312651"|"61732:4238871"
0|2|3||5|40|75||||"61732:2312651"|"61732:4238872"
17|24|31||5|40|75||||"61733:157847"|"61733:188844"
6|10|14||75|162|250||||"61733:157847"|"61733:188845"
0|7|13||2|4|5||||"61733:157847"|"61733:188843"
0|8|15||2|4|5||||"61733:157848"|"61733:188846"
26|35|43||5|40|75||||"61733:157848"|"61733:188847"
6|10|14||75|162|250||||"61733:157848"|"61733:188848"
12|17|22||5|40|75||||"61733:157849"|"61733:188850"
3|5|6||75|162|250||||"61733:157849"|"61733:188851"
6|9|11||250|625|1000||||"61733:157849"|"61733:188852"
0|4|7||2|4|5||||"61733:157849"|"61733:188849"
0|8|16||2|4|5||||"61733:157850"|"61733:188853"
13|22|30||5|40|75||||"61733:157850"|"61733:188854"
17|23|28||75|162|250||||"61733:157850"|"61733:188855"
0|7|13||2|4|5||||"61734:2318163"|"61734:4246902"
17|24|31||5|40|75||||"61734:2318163"|"61734:4246903"
6|10|14||75|162|250||||"61734:2318163"|"61734:4246904"
0|8|15||2|4|5||||"61734:2318164"|"61734:4246905"
26|35|43||5|40|75||||"61734:2318164"|"61734:4246906"
6|10|14||75|162|250||||"61734:2318164"|"61734:4246907"
3|5|6||75|162|250||||"61734:2318190"|"61734:4246934"
6|9|11||250|625|1000||||"61734:2318190"|"61734:4246935"
0|4|7||2|4|5||||"61734:2318190"|"61734:4246932"
12|17|22||5|40|75||||"61734:2318190"|"61734:4246933"
17|23|28||75|162|250||||"61734:2318191"|"61734:4246938"
0|8|16||2|4|5||||"61734:2318191"|"61734:4246936"
13|22|30||5|40|75||||"61734:2318191"|"61734:4246937"
10|20|30||2|45|75||||"61738:157901"|"61738:188928"
0|5|10||75|162|250||||"61738:157901"|"61738:188930"
20|30|35||75|162|250||||"61738:157902"|"61738:188933"
10|10|30||2|45|75||||"61738:157902"|"61738:188931"
0|1|5||250|400|600||||"61738:157902"|"61738:188932"
10|10|30||2|45|75||||"61738:157903"|"61738:4239071"
0|1|5||250|400|600||||"61738:157903"|"61738:4239072"
20|30|35||75|162|250||||"61738:157903"|"61738:4239073"
0|4|8||75|162|250||||"61738:2318651"|"61738:4247450"
0|6|11||2|4|5||||"61738:2318651"|"61738:4247448"
10|15|20||5|40|75||||"61738:2318651"|"61738:4247449"
0|4|8||5|40|75||||"61738:2318652"|"61738:4247452"
0|3|6||75|162|250||||"61738:2318652"|"61738:4247453"
0|6|11||2|4|5||||"61738:2318652"|"61738:4247451"
0|12|23||2|4|5||||"61738:2318653"|"61738:4247454"
4|15|26||5|40|75||||"61738:2318653"|"61738:4247455"
0|9|17||75|162|250||||"61738:2318653"|"61738:4247456"
0|2|3||2|4|5||||"61739:157913"|"61739:188957"
0|2|3||2|4|5||||"61739:157914"|"61739:188958"
0|2|3||2|4|5||||"61739:157915"|"61739:188959"
0|2|3||2|4|5||||"61740:2312943"|"61740:4239243"
0|2|3||2|4|5||||"61740:2312944"|"61740:4239244"
0|2|3||2|4|5||||"61740:2312945"|"61740:4239245"
0|2|3||2|4|5||||"61741:2312953"|"61741:4239252"
0|2|3||2|4|5||||"61741:2312954"|"61741:4239253"
0|2|3||2|4|5||||"61741:2312955"|"61741:4239254"
0|9|17||2|4|5||||"61742:157955"|"61742:188981"
22|31|40||5|40|75||||"61742:157955"|"61742:188982"
0|4|8||75|162|250||||"61742:157955"|"61742:188983"
14|21|28||250|625|1000||||"61745:157989"|"61745:189016"
0|9|17||2|4|5||||"61745:157989"|"61745:189013"
1|11|21||5|40|75||||"61745:157989"|"61745:189014"
0|12|23||75|162|250||||"61745:157989"|"61745:189015"
23|27|31||75|162|250||||"61745:157990"|"61745:189019"
8|17|25||250|625|1000||||"61745:157990"|"61745:189020"
0|5|10||2|4|5||||"61745:157990"|"61745:189017"
0|7|14||5|40|75||||"61745:157990"|"61745:189018"
0|4|8||2|4|5||||"61746:156186"|"61746:186328"
0|3|6||5|40|75||||"61746:156186"|"61746:186329"
0|4|8||2|4|5||||"61747:156199"|"61747:186338"
0|3|6||5|40|75||||"61747:156199"|"61747:186339"
0|3|6||5|40|75||||"61748:156212"|"61748:186349"
0|4|8||2|4|5||||"61748:156212"|"61748:186348"
1|11|21||5|40|75||||"61749:2313076"|"61749:4239289"
0|12|23||75|162|250||||"61749:2313076"|"61749:4239290"
14|21|28||250|625|1000||||"61749:2313076"|"61749:4239291"
0|9|17||2|4|5||||"61749:2313076"|"61749:4239288"
0|5|10||2|4|5||||"61749:2313077"|"61749:4239292"
0|7|14||5|40|75||||"61749:2313077"|"61749:4239293"
23|27|31||75|162|250||||"61749:2313077"|"61749:4239294"
8|17|25||250|625|1000||||"61749:2313077"|"61749:4239295"
0|2|3||2|4|5||||"61750:158016"|"61750:189074"
0|2|3||2|4|5||||"61751:158033"|"61751:189081"
0|2|3||2|4|5||||"61752:158050"|"61752:189088"
0|4|8||5|40|75||||"61753:158062"|"61753:189096"
0|7|14||2|4|5||||"61753:158062"|"61753:189095"
0|2|3||75|162|250||||"61753:158063"|"61753:189099"
0|9|17||2|4|5||||"61753:158063"|"61753:189097"
5|11|17||5|40|75||||"61753:158063"|"61753:189098"
0|7|13||2|4|5||||"61753:158064"|"61753:189100"
8|14|19||5|40|75||||"61753:158064"|"61753:189101"
14|20|25||75|162|250||||"61753:158064"|"61753:189102"
0|2|3||2|4|5||||"61753:158065"|"61753:189103"
0|2|3||5|40|75||||"61753:158065"|"61753:189104"
0|2|3||2|4|5||||"61753:158066"|"61753:189105"
0|2|3||5|40|75||||"61753:158066"|"61753:189106"
8|16|23||5|40|75||||"61754:158082"|"61754:189134"
0|10|20||2|4|5||||"61754:158082"|"61754:189133"
10|20|30||2|45|75||||"61755:2318691"|"61755:4247542"
0|5|10||75|162|250||||"61755:2318691"|"61755:4247543"
0|1|5||250|400|600||||"61755:2318692"|"61755:4247545"
20|30|35||75|162|250||||"61755:2318692"|"61755:4247546"
10|10|30||2|45|75||||"61755:2318692"|"61755:4247544"
10|10|30||2|45|75||||"61755:2318693"|"61755:4247547"
0|1|5||250|400|600||||"61755:2318693"|"61755:4247548"
20|30|35||75|162|250||||"61755:2318693"|"61755:4247549"
10|20|30||2|45|75||||"61756:2318700"|"61756:4247566"
0|5|10||75|162|250||||"61756:2318700"|"61756:4247567"
20|30|35||75|162|250||||"61756:2318701"|"61756:4247570"
10|10|30||2|45|75||||"61756:2318701"|"61756:4247568"
0|1|5||250|400|600||||"61756:2318701"|"61756:4247569"
20|30|35||75|162|250||||"61756:2318702"|"61756:4247573"
10|10|30||2|45|75||||"61756:2318702"|"61756:4247571"
0|1|5||250|400|600||||"61756:2318702"|"61756:4247572"
10|20|30||2|45|75||||"61757:2318709"|"61757:4247590"
0|5|10||75|162|250||||"61757:2318709"|"61757:4247591"
10|10|30||2|45|75||||"61757:2318710"|"61757:4247592"
0|1|5||250|400|600||||"61757:2318710"|"61757:4247593"
20|30|35||75|162|250||||"61757:2318710"|"61757:4247594"
0|1|5||250|400|600||||"61757:2318711"|"61757:4247596"
20|30|35||75|162|250||||"61757:2318711"|"61757:4247597"
10|10|30||2|45|75||||"61757:2318711"|"61757:4247595"
0|6|11||2|4|5||||"61758:2318670"|"61758:4247493"
10|15|20||5|40|75||||"61758:2318670"|"61758:4247494"
0|4|8||75|162|250||||"61758:2318670"|"61758:4247495"
0|4|8||5|40|75||||"61758:2318671"|"61758:4247497"
0|3|6||75|162|250||||"61758:2318671"|"61758:4247498"
0|6|11||2|4|5||||"61758:2318671"|"61758:4247496"
0|12|23||2|4|5||||"61758:2318672"|"61758:4247499"
4|15|26||5|40|75||||"61758:2318672"|"61758:4247500"
0|9|17||75|162|250||||"61758:2318672"|"61758:4247501"
10|20|30||2|45|75||||"61758:2318718"|"61758:4247614"
0|5|10||75|162|250||||"61758:2318718"|"61758:4247615"
20|30|35||75|162|250||||"61758:2318719"|"61758:4247618"
10|10|30||2|45|75||||"61758:2318719"|"61758:4247616"
0|1|5||250|400|600||||"61758:2318719"|"61758:4247617"
0|1|5||250|400|600||||"61758:2318720"|"61758:4247620"
20|30|35||75|162|250||||"61758:2318720"|"61758:4247621"
10|10|30||2|45|75||||"61758:2318720"|"61758:4247619"
0|7|14||2|4|5||||"61759:156225"|"61759:186358"
0|3|6||5|40|75||||"61759:156225"|"61759:186359"
0|2|3||2|4|5||||"61759:156226"|"61759:186360"
0|7|14||2|4|5||||"61760:156237"|"61760:186386"
0|3|6||5|40|75||||"61760:156237"|"61760:186387"
0|2|3||2|4|5||||"61760:156238"|"61760:186388"
0|7|14||2|4|5||||"61761:156244"|"61761:186403"
0|3|6||5|40|75||||"61761:156244"|"61761:186404"
0|2|3||2|4|5||||"61761:156245"|"61761:186405"
