0|0|0|15|31|46||"61597:846798"|"61597:165671"
15|31|46|24|36|52|"Wet"|"61597:846798"|"61597:165672"
24|36|52|183|183|183||"61597:846798"|"61597:165670"
0|0|0|15|31|46||"61597:846800"|"61597:165674"
15|31|46|24|36|52|"Wet"|"61597:846800"|"61597:165675"
24|36|52|183|183|183||"61597:846800"|"61597:165673"
0|0|0|15|31|46||"61597:846801"|"61597:165677"
15|31|46|24|36|52|"Wet"|"61597:846801"|"61597:165678"
24|36|52|183|183|183||"61597:846801"|"61597:165676"
0|0|0|15|31|46||"61597:846802"|"61597:165680"
15|31|46|24|36|52|"Wet"|"61597:846802"|"61597:165681"
24|36|52|183|183|183||"61597:846802"|"61597:165679"
0|0|0|15|31|46||"61597:846805"|"61597:165683"
15|31|46|24|36|52|"Wet"|"61597:846805"|"61597:165684"
24|36|52|183|183|183||"61597:846805"|"61597:165682"
0|0|0|15|31|46||"61597:846806"|"61597:165686"
15|31|46|24|36|52|"Wet"|"61597:846806"|"61597:165687"
24|36|52|183|183|183||"61597:846806"|"61597:165685"
0|0|0|15|31|46||"61597:846807"|"61597:165689"
15|31|46|24|36|52|"Wet"|"61597:846807"|"61597:165690"
24|36|52|183|183|183||"61597:846807"|"61597:165688"
0|0|0|46|61|76||"61601:846990"|"61601:165751"
52|55|76|183|183|183||"61601:846990"|"61601:165750"
46|61|76|52|55|76|"Wet"|"61601:846990"|"61601:165752"
0|0|0|46|61|76||"61601:846992"|"61601:165754"
52|55|76|183|183|183||"61601:846992"|"61601:165753"
46|61|76|52|55|76|"Wet"|"61601:846992"|"61601:165755"
0|0|0|46|61|76||"61601:846993"|"61601:165757"
52|55|76|183|183|183||"61601:846993"|"61601:165756"
46|61|76|52|55|76|"Wet"|"61601:846993"|"61601:165758"
0|0|0|46|61|76|"Moist"|"61601:846994"|"61601:165760"
52|55|76|183|183|183|"Moist"|"61601:846994"|"61601:165761"
46|61|76|52|55|76|"Wet"|"61601:846994"|"61601:165759"
0|0|0|46|61|76||"61601:846997"|"61601:165763"
52|55|76|183|183|183||"61601:846997"|"61601:165762"
46|61|76|52|55|76|"Wet"|"61601:846997"|"61601:165764"
0|0|0|46|61|76||"61602:847062"|"61602:165823"
52|55|76|183|183|183||"61602:847062"|"61602:165822"
46|61|76|52|55|76|"Wet"|"61602:847062"|"61602:165824"
0|0|0|46|61|76||"61602:847064"|"61602:165826"
52|55|76|183|183|183||"61602:847064"|"61602:165825"
46|61|76|52|55|76|"Wet"|"61602:847064"|"61602:165827"
0|0|0|46|61|76||"61602:847065"|"61602:165829"
52|55|76|183|183|183||"61602:847065"|"61602:165828"
46|61|76|52|55|76|"Wet"|"61602:847065"|"61602:165830"
0|0|0|46|61|76||"61602:847066"|"61602:165832"
52|55|76|183|183|183||"61602:847066"|"61602:165831"
46|61|76|52|55|76|"Wet"|"61602:847066"|"61602:165833"
0|0|0|46|61|76||"61602:847069"|"61602:165835"
52|55|76|183|183|183||"61602:847069"|"61602:165834"
46|61|76|52|55|76|"Wet"|"61602:847069"|"61602:165836"
0|0|0|46|61|76||"61603:847122"|"61603:165880"
52|55|76|183|183|183||"61603:847122"|"61603:165879"
46|61|76|52|55|76|"Wet"|"61603:847122"|"61603:165881"
0|0|0|46|61|76||"61603:847124"|"61603:165883"
52|55|76|183|183|183||"61603:847124"|"61603:165882"
46|61|76|52|55|76|"Wet"|"61603:847124"|"61603:165884"
0|0|0|46|61|76||"61603:847125"|"61603:165886"
52|55|76|183|183|183||"61603:847125"|"61603:165885"
46|61|76|52|55|76|"Wet"|"61603:847125"|"61603:165887"
0|0|0|46|61|76||"61603:847126"|"61603:165889"
52|55|76|183|183|183||"61603:847126"|"61603:165888"
46|61|76|52|55|76|"Wet"|"61603:847126"|"61603:165890"
0|0|0|46|61|76||"61603:847129"|"61603:165892"
52|55|76|183|183|183||"61603:847129"|"61603:165891"
46|61|76|52|55|76|"Wet"|"61603:847129"|"61603:165893"
0|0|0|46|61|76||"61604:847182"|"61604:165922"
52|55|76|183|183|183||"61604:847182"|"61604:165921"
46|61|76|52|55|76|"Wet"|"61604:847182"|"61604:165923"
0|0|0|46|61|76||"61604:847184"|"61604:165925"
52|55|76|183|183|183||"61604:847184"|"61604:165924"
46|61|76|52|55|76|"Wet"|"61604:847184"|"61604:165926"
0|0|0|46|61|76||"61604:847185"|"61604:165928"
52|55|76|183|183|183||"61604:847185"|"61604:165927"
46|61|76|52|55|76|"Wet"|"61604:847185"|"61604:165929"
0|0|0|46|61|76||"61604:847186"|"61604:165931"
52|55|76|183|183|183||"61604:847186"|"61604:165930"
46|61|76|52|55|76|"Wet"|"61604:847186"|"61604:165932"
0|0|0|46|61|76||"61604:847189"|"61604:165934"
52|55|76|183|183|183||"61604:847189"|"61604:165933"
46|61|76|52|55|76|"Wet"|"61604:847189"|"61604:165935"
0|0|0|46|61|76||"61605:847242"|"61605:165964"
52|55|76|183|183|183||"61605:847242"|"61605:165963"
46|61|76|52|55|76|"Wet"|"61605:847242"|"61605:165965"
0|0|0|46|61|76||"61605:847244"|"61605:165967"
52|55|76|183|183|183||"61605:847244"|"61605:165966"
46|61|76|52|55|76|"Wet"|"61605:847244"|"61605:165968"
0|0|0|46|61|76||"61605:847245"|"61605:165970"
52|55|76|183|183|183||"61605:847245"|"61605:165969"
46|61|76|52|55|76|"Wet"|"61605:847245"|"61605:165971"
0|0|0|46|61|76||"61605:847246"|"61605:165973"
52|55|76|183|183|183||"61605:847246"|"61605:165972"
46|61|76|52|55|76|"Wet"|"61605:847246"|"61605:165974"
0|0|0|46|61|76||"61605:847249"|"61605:165976"
52|55|76|183|183|183||"61605:847249"|"61605:165975"
46|61|76|52|55|76|"Wet"|"61605:847249"|"61605:165977"
0|0|0|46|61|76||"61606:847314"|"61606:166036"
52|55|76|183|183|183||"61606:847314"|"61606:166035"
46|61|76|52|55|76|"Wet"|"61606:847314"|"61606:166037"
0|0|0|46|61|76||"61606:847316"|"61606:166039"
52|55|76|183|183|183||"61606:847316"|"61606:166038"
46|61|76|52|55|76|"Wet"|"61606:847316"|"61606:166040"
0|0|0|46|61|76||"61606:847317"|"61606:166042"
52|55|76|183|183|183||"61606:847317"|"61606:166041"
46|61|76|52|55|76|"Wet"|"61606:847317"|"61606:166043"
0|0|0|46|61|76||"61606:847318"|"61606:166045"
52|55|76|183|183|183||"61606:847318"|"61606:166044"
46|61|76|52|55|76|"Wet"|"61606:847318"|"61606:166046"
0|0|0|46|61|76||"61606:847321"|"61606:166048"
52|55|76|183|183|183||"61606:847321"|"61606:166047"
46|61|76|52|55|76|"Wet"|"61606:847321"|"61606:166049"
0|0|0|46|61|76||"61607:847374"|"61607:166093"
52|55|76|183|183|183||"61607:847374"|"61607:166092"
46|61|76|52|55|76|"Wet"|"61607:847374"|"61607:166094"
0|0|0|46|61|76||"61607:847376"|"61607:166096"
52|55|76|183|183|183||"61607:847376"|"61607:166095"
46|61|76|52|55|76|"Wet"|"61607:847376"|"61607:166097"
0|0|0|46|61|76||"61607:847377"|"61607:166099"
52|55|76|183|183|183||"61607:847377"|"61607:166098"
46|61|76|52|55|76|"Wet"|"61607:847377"|"61607:166100"
0|0|0|46|61|76||"61607:847378"|"61607:166102"
52|55|76|183|183|183||"61607:847378"|"61607:166101"
46|61|76|52|55|76|"Wet"|"61607:847378"|"61607:166103"
0|0|0|46|61|76||"61607:847381"|"61607:166105"
52|55|76|183|183|183||"61607:847381"|"61607:166104"
46|61|76|52|55|76|"Wet"|"61607:847381"|"61607:166106"
15|31|46|20|36|46|"Wet"|"61612:847662"|"61612:166230"
15|31|46|27|36|46|"Wet"|"61612:847664"|"61612:166233"
15|31|46|20|36|46|"Wet"|"61612:847665"|"61612:166236"
15|31|46|20|36|46|"Wet"|"61612:847666"|"61612:166239"
15|31|46|20|36|46|"Wet"|"61612:847669"|"61612:166242"
15|31|46|20|36|46|"Wet"|"61612:847670"|"61612:166245"
15|31|46|20|36|46|"Wet"|"61612:847671"|"61612:166248"
15|31|46|20|36|46|"Wet"|"61613:847710"|"61613:166272"
15|31|46|20|36|46|"Wet"|"61613:847712"|"61613:166275"
15|31|46|20|36|46|"Wet"|"61613:847713"|"61613:166278"
15|31|46|20|36|46|"Wet"|"61613:847714"|"61613:166281"
15|31|46|29|36|46|"Wet"|"61613:847717"|"61613:166284"
15|31|46|20|36|46|"Wet"|"61613:847718"|"61613:166287"
15|31|46|20|36|46|"Wet"|"61613:847719"|"61613:166290"
0|0|0|46|54|61||"61615:845670"|"61615:165219"
46|54|61|52|91|100|"Wet"|"61615:845670"|"61615:165220"
52|91|100|183|183|183||"61615:845670"|"61615:165218"
0|0|0|46|54|61||"61615:845672"|"61615:165222"
46|54|61|52|91|100|"Wet"|"61615:845672"|"61615:165223"
52|91|100|183|183|183||"61615:845672"|"61615:165221"
0|0|0|46|54|61||"61615:845673"|"61615:165225"
46|54|61|52|91|100|"Wet"|"61615:845673"|"61615:165226"
52|91|100|183|183|183||"61615:845673"|"61615:165224"
0|0|0|46|54|61||"61615:845674"|"61615:165228"
46|54|61|52|91|100|"Wet"|"61615:845674"|"61615:165229"
52|91|100|183|183|183||"61615:845674"|"61615:165227"
0|0|0|46|54|61||"61615:845677"|"61615:165231"
46|54|61|52|91|100|"Wet"|"61615:845677"|"61615:165232"
52|91|100|183|183|183||"61615:845677"|"61615:165230"
0|0|0|46|54|61||"61616:845730"|"61616:165281"
46|54|61|52|91|100|"Wet"|"61616:845730"|"61616:165282"
52|91|100|183|183|183||"61616:845730"|"61616:165280"
0|0|0|46|54|61||"61616:845732"|"61616:165284"
46|54|61|52|91|100|"Wet"|"61616:845732"|"61616:165285"
52|91|100|183|183|183||"61616:845732"|"61616:165283"
0|0|0|46|54|61||"61616:845733"|"61616:165287"
46|54|61|52|91|100|"Wet"|"61616:845733"|"61616:165288"
52|91|100|183|183|183||"61616:845733"|"61616:165286"
0|0|0|46|54|61||"61616:845734"|"61616:165290"
46|54|61|52|91|100|"Wet"|"61616:845734"|"61616:165291"
52|91|100|183|183|183||"61616:845734"|"61616:165289"
0|0|0|46|54|61||"61616:845737"|"61616:165293"
46|54|61|52|91|100|"Wet"|"61616:845737"|"61616:165294"
52|91|100|183|183|183||"61616:845737"|"61616:165292"
0|0|0|46|61|76||"61617:847830"|"61617:166331"
46|61|76|183|183|183|"Wet"|"61617:847830"|"61617:166332"
0|0|0|46|61|76||"61617:847832"|"61617:166333"
46|61|76|183|183|183|"Wet"|"61617:847832"|"61617:166334"
0|0|0|46|61|76||"61617:847833"|"61617:166335"
46|61|76|183|183|183|"Wet"|"61617:847833"|"61617:166336"
0|0|0|46|61|76||"61617:847834"|"61617:166337"
46|61|76|183|183|183|"Wet"|"61617:847834"|"61617:166338"
0|0|0|46|61|76||"61617:847837"|"61617:166339"
46|61|76|183|183|183|"Wet"|"61617:847837"|"61617:166340"
0|0|0|46|61|76||"61617:847838"|"61617:166341"
46|61|76|183|183|183|"Wet"|"61617:847838"|"61617:166342"
0|0|0|46|61|76||"61617:847839"|"61617:166343"
46|61|76|183|183|183|"Wet"|"61617:847839"|"61617:166344"
0|8|15|183|183|183|"Wet"|"61618:847902"|"61618:166388"
0|8|15|183|183|183|"Wet"|"61618:847904"|"61618:166389"
0|8|15|183|183|183|"Wet"|"61618:847905"|"61618:166390"
0|8|15|183|183|183|"Wet"|"61618:847906"|"61618:166391"
0|8|15|183|183|183|"Wet"|"61618:847909"|"61618:166392"
0|8|15|183|183|183|"Wet"|"61618:847910"|"61618:166393"
0|8|15|183|183|183|"Wet"|"61618:847911"|"61618:166394"
0|18|46|183|183|183|"Wet"|"61619:847962"|"61619:166446"
0|18|46|183|183|183|"Wet"|"61619:847964"|"61619:166447"
0|18|46|183|183|183|"Wet"|"61619:847965"|"61619:166448"
0|18|46|183|183|183|"Wet"|"61619:847966"|"61619:166449"
0|18|46|183|183|183|"Wet"|"61619:847969"|"61619:166450"
0|18|46|183|183|183|"Wet"|"61619:847970"|"61619:166451"
0|18|46|183|183|183|"Wet"|"61619:847971"|"61619:166452"
76|99|122|76|85|122|"Wet"|"61620:848022"|"61620:166505"
76|99|122|76|85|122|"Wet"|"61620:848024"|"61620:166508"
76|99|122|76|85|122|"Wet"|"61620:848025"|"61620:166511"
76|99|122|76|85|122|"Wet"|"61620:848026"|"61620:166514"
76|99|122|76|85|122|"Wet"|"61620:848029"|"61620:166517"
76|99|122|76|85|122|"Wet"|"61621:848082"|"61621:166562"
76|99|122|76|85|122|"Wet"|"61621:848084"|"61621:166565"
76|99|122|76|85|122|"Wet"|"61621:848085"|"61621:166568"
76|99|122|76|85|122|"Wet"|"61621:848086"|"61621:166571"
76|99|122|76|85|122|"Wet"|"61621:848089"|"61621:166574"
76|99|122|76|85|122|"Wet"|"61622:848142"|"61622:166619"
76|99|122|76|85|122|"Wet"|"61622:848144"|"61622:166622"
76|99|122|76|85|122|"Wet"|"61622:848145"|"61622:166625"
76|99|122|76|85|122|"Wet"|"61622:848146"|"61622:166628"
76|99|122|76|85|122|"Wet"|"61622:848149"|"61622:166631"
0|0|0|60|75|90|"Moist"|"61623:848202"|"61623:166659"
60|75|90|183|183|183|"Wet"|"61623:848202"|"61623:166660"
0|0|0|60|75|90|"Moist"|"61623:848204"|"61623:166661"
60|75|90|183|183|183|"Wet"|"61623:848204"|"61623:166662"
0|0|0|60|75|90|"Moist"|"61623:848205"|"61623:166663"
60|75|90|183|183|183|"Wet"|"61623:848205"|"61623:166664"
0|0|0|60|75|90|"Moist"|"61623:848206"|"61623:166665"
60|75|90|183|183|183|"Wet"|"61623:848206"|"61623:166666"
0|0|0|60|75|90|"Moist"|"61623:848209"|"61623:166667"
60|75|90|183|183|183|"Wet"|"61623:848209"|"61623:166668"
0|0|0|61|75|91|"Moist"|"61624:848262"|"61624:249376"
61|75|91|183|183|183|"Wet"|"61624:848262"|"61624:249377"
0|0|0|61|75|91|"Moist"|"61624:848263"|"61624:249378"
61|75|91|183|183|183|"Wet"|"61624:848263"|"61624:249379"
0|0|0|61|75|91|"Moist"|"61624:848264"|"61624:249380"
61|75|91|183|183|183|"Wet"|"61624:848264"|"61624:249381"
0|0|0|61|75|91|"Moist"|"61624:848265"|"61624:249382"
61|75|91|183|183|183|"Wet"|"61624:848265"|"61624:249383"
0|0|0|61|75|91|"Moist"|"61624:848273"|"61624:249384"
61|75|91|183|183|183|"Wet"|"61624:848273"|"61624:249385"
0|0|0|61|75|91|"Moist"|"61625:848310"|"61625:249386"
61|75|91|183|183|183|"Wet"|"61625:848310"|"61625:249387"
0|0|0|61|75|91|"Moist"|"61625:848311"|"61625:249388"
61|75|91|183|183|183|"Wet"|"61625:848311"|"61625:249389"
0|0|0|61|75|91|"Moist"|"61625:848312"|"61625:249390"
61|75|91|183|183|183|"Wet"|"61625:848312"|"61625:249391"
0|0|0|61|75|91|"Moist"|"61625:848313"|"61625:249392"
61|75|91|183|183|183|"Wet"|"61625:848313"|"61625:249393"
0|0|0|61|75|91|"Moist"|"61625:848321"|"61625:249394"
61|75|91|183|183|183|"Wet"|"61625:848321"|"61625:249395"
0|15|61|183|183|183|"Wet"|"61626:848358"|"61626:166714"
0|15|61|183|183|183|"Wet"|"61626:848360"|"61626:166717"
0|15|61|183|183|183|"Wet"|"61626:848361"|"61626:166720"
0|15|61|183|183|183|"Wet"|"61626:848362"|"61626:166723"
0|15|61|183|183|183|"Wet"|"61626:848365"|"61626:166726"
0|0|0|15|31|46||"61627:848430"|"61627:166772"
15|31|46|30|70|76|"Wet"|"61627:848430"|"61627:166773"
30|70|76|183|183|183||"61627:848430"|"61627:166771"
0|0|0|15|31|46||"61627:848432"|"61627:166775"
15|31|46|30|70|76|"Wet"|"61627:848432"|"61627:166776"
30|70|76|183|183|183||"61627:848432"|"61627:166774"
0|0|0|15|31|46||"61627:848433"|"61627:166778"
15|31|46|30|70|76|"Wet"|"61627:848433"|"61627:166779"
30|70|76|183|183|183||"61627:848433"|"61627:166777"
0|0|0|15|31|46||"61627:848434"|"61627:166781"
15|31|46|30|70|76|"Wet"|"61627:848434"|"61627:166782"
30|70|76|183|183|183||"61627:848434"|"61627:166780"
0|0|0|15|31|46||"61627:848437"|"61627:166784"
15|31|46|30|70|76|"Wet"|"61627:848437"|"61627:166785"
30|70|76|183|183|183||"61627:848437"|"61627:166783"
0|8|15|183|183|183|"Wet"|"61628:848478"|"61628:166786"
0|8|15|183|183|183|"Wet"|"61628:848480"|"61628:166787"
0|8|15|183|183|183|"Wet"|"61628:848481"|"61628:166788"
0|8|15|183|183|183|"Wet"|"61628:848482"|"61628:166789"
0|8|15|183|183|183|"Wet"|"61628:848485"|"61628:166790"
0|0|46|183|183|183|"Wet"|"61630:848586"|"61630:166821"
0|0|46|183|183|183|"Wet"|"61630:848588"|"61630:166822"
0|0|46|183|183|183|"Wet"|"61630:848589"|"61630:166823"
0|0|46|183|183|183|"Wet"|"61630:848590"|"61630:166824"
0|0|0|183|183|183|"Wet"|"61630:848593"|"61630:166825"
0|0|46|183|183|183|"Wet"|"61630:848594"|"61630:166826"
0|0|46|183|183|183|"Wet"|"61630:848595"|"61630:166827"
0|0|0|15|31|46||"61635:846018"|"61635:165342"
15|31|46|183|183|183|"Wet"|"61635:846018"|"61635:165343"
0|0|0|15|31|46||"61635:846020"|"61635:165344"
15|31|46|183|183|183|"Wet"|"61635:846020"|"61635:165345"
0|0|0|15|31|46||"61635:846021"|"61635:165346"
15|31|46|183|183|183|"Wet"|"61635:846021"|"61635:165347"
0|0|0|15|31|46||"61635:846022"|"61635:165348"
15|31|46|183|183|183|"Wet"|"61635:846022"|"61635:165349"
0|0|0|15|31|46||"61635:846025"|"61635:165350"
15|31|46|183|183|183|"Wet"|"61635:846025"|"61635:165351"
0|0|0|15|31|46||"61635:846026"|"61635:165352"
15|31|46|183|183|183|"Wet"|"61635:846026"|"61635:165353"
0|0|0|15|31|46||"61635:846027"|"61635:165354"
15|31|46|183|183|183|"Wet"|"61635:846027"|"61635:165355"
0|0|0|0|23|46||"61636:848634"|"61636:166865"
0|23|46|52|64|76|"Wet"|"61636:848634"|"61636:166866"
52|64|76|183|183|183||"61636:848634"|"61636:166864"
0|0|0|0|23|46||"61636:848636"|"61636:166868"
0|23|46|52|64|76|"Wet"|"61636:848636"|"61636:166869"
52|64|76|183|183|183||"61636:848636"|"61636:166867"
0|0|0|0|23|46||"61636:848637"|"61636:166871"
0|23|46|52|64|76|"Wet"|"61636:848637"|"61636:166872"
52|64|76|183|183|183||"61636:848637"|"61636:166870"
0|0|0|0|23|46||"61636:848638"|"61636:166874"
0|23|46|52|64|76|"Wet"|"61636:848638"|"61636:166875"
52|64|76|183|183|183||"61636:848638"|"61636:166873"
0|0|0|0|23|46||"61636:848641"|"61636:166877"
0|23|46|52|64|76|"Wet"|"61636:848641"|"61636:166878"
52|64|76|183|183|183||"61636:848641"|"61636:166876"
0|0|0|91|137|183||"61637:848694"|"61637:166939"
91|137|183|183|183|183|"Wet"|"61637:848694"|"61637:166940"
0|0|0|91|137|183||"61637:848696"|"61637:166941"
91|137|183|183|183|183|"Wet"|"61637:848696"|"61637:166942"
0|0|0|91|137|183||"61637:848697"|"61637:166943"
91|137|183|183|183|183|"Wet"|"61637:848697"|"61637:166944"
0|0|0|91|137|183||"61637:848701"|"61637:166947"
91|137|183|183|183|183|"Wet"|"61637:848701"|"61637:166948"
0|0|0|91|137|183||"61637:848703"|"61637:166949"
91|137|183|183|183|183|"Wet"|"61637:848703"|"61637:166950"
0|0|0|15|31|46||"61644:849030"|"61644:166970"
15|31|46|30|36|61|"Wet"|"61644:849030"|"61644:166971"
30|36|61|183|183|183||"61644:849030"|"61644:166969"
0|0|0|15|31|46||"61644:849032"|"61644:166973"
15|31|46|30|36|61|"Wet"|"61644:849032"|"61644:166974"
30|36|61|183|183|183||"61644:849032"|"61644:166972"
0|0|0|15|31|46||"61644:849033"|"61644:166976"
15|31|46|30|36|61|"Wet"|"61644:849033"|"61644:166977"
30|36|61|183|183|183||"61644:849033"|"61644:166975"
0|0|0|15|31|46||"61644:849034"|"61644:166979"
15|31|46|30|36|61|"Wet"|"61644:849034"|"61644:166980"
30|36|61|183|183|183||"61644:849034"|"61644:166978"
0|0|0|15|31|46||"61644:849037"|"61644:166982"
15|31|46|30|36|61|"Wet"|"61644:849037"|"61644:166983"
30|36|61|183|183|183||"61644:849037"|"61644:166981"
0|0|0|15|31|46||"61644:849039"|"61644:166985"
15|31|46|30|36|61|"Wet"|"61644:849039"|"61644:166986"
30|36|61|183|183|183||"61644:849039"|"61644:166984"
0|0|0|15|31|46||"61645:849102"|"61645:167015"
15|31|46|30|36|61|"Wet"|"61645:849102"|"61645:167016"
30|36|61|183|183|183||"61645:849102"|"61645:167014"
0|0|0|15|31|46||"61645:849104"|"61645:167018"
15|31|46|30|36|61|"Wet"|"61645:849104"|"61645:167019"
30|36|61|183|183|183||"61645:849104"|"61645:167017"
0|0|0|15|31|46||"61645:849105"|"61645:167021"
15|31|46|30|36|61|"Wet"|"61645:849105"|"61645:167022"
30|36|61|183|183|183||"61645:849105"|"61645:167020"
0|0|0|15|31|46||"61645:849106"|"61645:167024"
15|31|46|30|36|61|"Wet"|"61645:849106"|"61645:167025"
30|36|61|183|183|183||"61645:849106"|"61645:167023"
0|0|0|15|31|46||"61645:849109"|"61645:167027"
15|31|46|30|36|61|"Wet"|"61645:849109"|"61645:167028"
30|36|61|183|183|183||"61645:849109"|"61645:167026"
0|0|0|15|31|46||"61645:849111"|"61645:167030"
15|31|46|30|36|61|"Wet"|"61645:849111"|"61645:167031"
30|36|61|183|183|183||"61645:849111"|"61645:167029"
0|0|0|91|137|183||"61646:849176"|"61646:167063"
100|100|152|183|183|183||"61646:849176"|"61646:167062"
91|137|183|100|100|152|"Wet"|"61646:849176"|"61646:167064"
0|0|0|91|137|183||"61646:849177"|"61646:167066"
100|100|152|183|183|183||"61646:849177"|"61646:167065"
91|137|183|100|100|152|"Wet"|"61646:849177"|"61646:167067"
0|0|0|91|137|183||"61646:849178"|"61646:167069"
100|100|152|183|183|183||"61646:849178"|"61646:167068"
91|137|183|100|100|152|"Wet"|"61646:849178"|"61646:167070"
0|0|0|91|137|183||"61646:849181"|"61646:167072"
100|100|152|183|183|183||"61646:849181"|"61646:167071"
91|137|183|100|100|152|"Wet"|"61646:849181"|"61646:167073"
0|0|0|91|137|183||"61647:849248"|"61647:167108"
100|100|152|183|183|183||"61647:849248"|"61647:167107"
91|137|183|100|100|152|"Wet"|"61647:849248"|"61647:167109"
0|0|0|91|137|183||"61647:849249"|"61647:167111"
100|100|152|183|183|183||"61647:849249"|"61647:167110"
91|137|183|100|100|152|"Wet"|"61647:849249"|"61647:167112"
0|0|0|91|137|183||"61647:849250"|"61647:167114"
100|100|152|183|183|183||"61647:849250"|"61647:167113"
91|137|183|100|100|152|"Wet"|"61647:849250"|"61647:167115"
0|0|0|91|137|183||"61647:849253"|"61647:167117"
100|100|152|183|183|183||"61647:849253"|"61647:167116"
91|137|183|100|100|152|"Wet"|"61647:849253"|"61647:167118"
0|0|0|91|137|183||"61648:849308"|"61648:167153"
100|100|152|183|183|183||"61648:849308"|"61648:167152"
91|137|183|100|100|152|"Wet"|"61648:849308"|"61648:167154"
0|0|0|91|137|183||"61648:849309"|"61648:167156"
100|100|152|183|183|183||"61648:849309"|"61648:167155"
91|137|183|100|100|152|"Wet"|"61648:849309"|"61648:167157"
0|0|0|91|137|183||"61648:849310"|"61648:167159"
100|100|152|183|183|183||"61648:849310"|"61648:167158"
91|137|183|100|100|152|"Wet"|"61648:849310"|"61648:167160"
0|0|0|91|137|183||"61648:849313"|"61648:167162"
100|100|152|183|183|183||"61648:849313"|"61648:167161"
91|137|183|100|100|152|"Wet"|"61648:849313"|"61648:167163"
0|0|0|0|23|46||"61652:849558"|"61652:167183"
0|23|46|52|61|76|"Wet"|"61652:849558"|"61652:167184"
52|61|76|183|183|183||"61652:849558"|"61652:167182"
0|0|0|0|23|46||"61652:849560"|"61652:167186"
0|23|46|52|61|76|"Wet"|"61652:849560"|"61652:167187"
52|61|76|183|183|183||"61652:849560"|"61652:167185"
0|0|0|0|23|46||"61652:849561"|"61652:167189"
0|23|46|52|61|76|"Wet"|"61652:849561"|"61652:167190"
52|61|76|183|183|183||"61652:849561"|"61652:167188"
0|0|0|0|23|46||"61652:849562"|"61652:167192"
0|23|46|52|61|76|"Wet"|"61652:849562"|"61652:167193"
52|61|76|183|183|183||"61652:849562"|"61652:167191"
0|0|0|0|23|46||"61652:849565"|"61652:167195"
0|23|46|52|61|76|"Wet"|"61652:849565"|"61652:167196"
52|61|76|183|183|183||"61652:849565"|"61652:167194"
0|0|15|183|183|183|"Wet"|"61653:849618"|"61653:167248"
0|0|15|183|183|183|"Wet"|"61653:849620"|"61653:167249"
0|0|15|183|183|183|"Wet"|"61653:849621"|"61653:167250"
0|0|15|183|183|183|"Wet"|"61653:849622"|"61653:167251"
0|0|15|183|183|183|"Wet"|"61653:849625"|"61653:167252"
0|0|0|30|61|91||"61654:849654"|"61654:167276"
30|61|91|52|100|116|"Wet"|"61654:849654"|"61654:167277"
52|100|116|183|183|183||"61654:849654"|"61654:167275"
0|0|0|30|61|91||"61654:849656"|"61654:167279"
30|61|91|52|100|116|"Wet"|"61654:849656"|"61654:167280"
52|100|116|183|183|183||"61654:849656"|"61654:167278"
0|0|0|30|61|91||"61654:849657"|"61654:167282"
30|61|91|52|100|116|"Wet"|"61654:849657"|"61654:167283"
52|100|116|183|183|183||"61654:849657"|"61654:167281"
0|0|0|30|61|91||"61654:849658"|"61654:167285"
30|61|91|52|100|116|"Wet"|"61654:849658"|"61654:167286"
52|100|116|183|183|183||"61654:849658"|"61654:167284"
0|0|0|30|61|91||"61654:849661"|"61654:167288"
30|61|91|52|100|116|"Wet"|"61654:849661"|"61654:167289"
52|100|116|183|183|183||"61654:849661"|"61654:167287"
76|99|122|76|88|122|"Wet"|"61665:850292"|"61665:167379"
76|99|122|76|88|122|"Wet"|"61665:850293"|"61665:167382"
76|99|122|76|88|122|"Wet"|"61665:850294"|"61665:167385"
76|99|122|76|88|122|"Wet"|"61665:850297"|"61665:167388"
76|99|122|76|88|122|"Wet"|"61666:850352"|"61666:167451"
76|99|122|76|88|122|"Wet"|"61666:850353"|"61666:167454"
76|99|122|76|88|122|"Wet"|"61666:850354"|"61666:167457"
76|99|122|76|88|122|"Wet"|"61666:850357"|"61666:167460"
76|99|122|76|88|122|"Wet"|"61667:850412"|"61667:167523"
76|99|122|76|88|122|"Wet"|"61667:850413"|"61667:167526"
76|99|122|76|88|122|"Wet"|"61667:850414"|"61667:167529"
76|99|122|76|88|122|"Wet"|"61667:850417"|"61667:167532"
0|8|15|46|66|91|"Wet"|"61671:846078"|"61671:165410"
0|8|15|46|66|91|"Wet"|"61671:846080"|"61671:165413"
0|8|15|46|66|91|"Wet"|"61671:846081"|"61671:165416"
0|8|15|46|66|91|"Wet"|"61671:846082"|"61671:165419"
0|8|15|46|66|91|"Wet"|"61671:846084"|"61671:165422"
0|8|15|46|66|91|"Wet"|"61671:846085"|"61671:165425"
0|8|15|46|66|91|"Wet"|"61671:846086"|"61671:165428"
0|8|15|46|66|91|"Wet"|"61672:846150"|"61672:165431"
0|8|15|46|66|91|"Wet"|"61672:846152"|"61672:165434"
0|8|15|46|66|91|"Wet"|"61672:846153"|"61672:165437"
0|8|15|46|66|91|"Wet"|"61672:846154"|"61672:165440"
0|8|15|46|66|91|"Wet"|"61672:846156"|"61672:165443"
0|8|15|46|66|91|"Wet"|"61672:846157"|"61672:165446"
0|8|15|46|66|91|"Wet"|"61672:846158"|"61672:165449"
0|0|0|61|76|91||"61684:851250"|"61684:167846"
61|76|91|183|183|183|"Wet"|"61684:851250"|"61684:167847"
0|0|0|61|76|91||"61684:851252"|"61684:167848"
61|76|91|183|183|183|"Wet"|"61684:851252"|"61684:167849"
0|0|0|61|76|91||"61684:851253"|"61684:167850"
61|76|91|183|183|183|"Wet"|"61684:851253"|"61684:167851"
0|0|0|61|76|91||"61684:851254"|"61684:167852"
61|76|91|183|183|183|"Wet"|"61684:851254"|"61684:167853"
0|0|0|61|76|91||"61684:851257"|"61684:167854"
61|76|91|183|183|183|"Wet"|"61684:851257"|"61684:167855"
0|0|0|61|76|91||"61684:851259"|"61684:167856"
61|76|91|183|183|183|"Wet"|"61684:851259"|"61684:167857"
0|0|0|15|31|46||"61685:851322"|"61685:167865"
15|31|46|183|183|183|"Wet"|"61685:851322"|"61685:167866"
0|0|0|15|31|46||"61685:851324"|"61685:167867"
15|31|46|183|183|183|"Wet"|"61685:851324"|"61685:167868"
0|0|0|15|31|46||"61685:851325"|"61685:167869"
15|31|46|183|183|183|"Wet"|"61685:851325"|"61685:167870"
0|0|0|15|31|46||"61685:851326"|"61685:167871"
15|31|46|183|183|183|"Wet"|"61685:851326"|"61685:167872"
0|0|0|15|31|46||"61685:851329"|"61685:167873"
15|31|46|183|183|183|"Wet"|"61685:851329"|"61685:167874"
0|0|0|46|54|61||"61708:852366"|"61708:167970"
46|54|61|46|58|61|"Wet"|"61708:852366"|"61708:167971"
46|58|61|183|183|183||"61708:852366"|"61708:167969"
0|0|0|46|54|61||"61708:852368"|"61708:167973"
46|54|61|46|58|61|"Wet"|"61708:852368"|"61708:167974"
46|58|61|183|183|183||"61708:852368"|"61708:167972"
0|0|0|46|54|61||"61708:852369"|"61708:167976"
46|54|61|46|58|61|"Wet"|"61708:852369"|"61708:167977"
46|58|61|183|183|183||"61708:852369"|"61708:167975"
0|0|0|46|54|61||"61708:852370"|"61708:167979"
46|54|61|46|58|61|"Wet"|"61708:852370"|"61708:167980"
46|58|61|183|183|183||"61708:852370"|"61708:167978"
0|0|0|46|54|61||"61708:852373"|"61708:167982"
46|54|61|46|58|61|"Wet"|"61708:852373"|"61708:167983"
46|58|61|183|183|183||"61708:852373"|"61708:167981"
0|0|0|46|54|61||"61709:852438"|"61709:168045"
46|54|61|46|58|61|"Wet"|"61709:852438"|"61709:168046"
46|58|61|183|183|183||"61709:852438"|"61709:168044"
0|0|0|46|54|61||"61709:852440"|"61709:168048"
46|54|61|46|58|61|"Wet"|"61709:852440"|"61709:168049"
46|58|61|183|183|183||"61709:852440"|"61709:168047"
0|0|0|46|54|61||"61709:852441"|"61709:168051"
46|54|61|46|58|61|"Wet"|"61709:852441"|"61709:168052"
46|58|61|183|183|183||"61709:852441"|"61709:168050"
0|0|0|46|54|61||"61709:852442"|"61709:168054"
46|54|61|46|58|61|"Wet"|"61709:852442"|"61709:168055"
46|58|61|183|183|183||"61709:852442"|"61709:168053"
0|0|0|46|54|61||"61709:852445"|"61709:168057"
46|54|61|46|58|61|"Wet"|"61709:852445"|"61709:168058"
46|58|61|183|183|183||"61709:852445"|"61709:168056"
0|0|0|46|54|61||"61710:852498"|"61710:168120"
46|54|61|46|58|61|"Wet"|"61710:852498"|"61710:168121"
46|58|61|183|183|183||"61710:852498"|"61710:168119"
0|0|0|46|54|61||"61710:852500"|"61710:168123"
46|54|61|46|58|61|"Wet"|"61710:852500"|"61710:168124"
46|58|61|183|183|183||"61710:852500"|"61710:168122"
0|0|0|46|54|61||"61710:852501"|"61710:168126"
46|54|61|46|58|61|"Wet"|"61710:852501"|"61710:168127"
46|58|61|183|183|183||"61710:852501"|"61710:168125"
0|0|0|46|54|61||"61710:852502"|"61710:168129"
46|54|61|46|58|61|"Wet"|"61710:852502"|"61710:168130"
46|58|61|183|183|183||"61710:852502"|"61710:168128"
0|0|0|46|54|61||"61710:852505"|"61710:168132"
46|54|61|46|58|61|"Wet"|"61710:852505"|"61710:168133"
46|58|61|183|183|183||"61710:852505"|"61710:168131"
0|0|0|61|76|91||"61711:852546"|"61711:168176"
61|76|91|183|183|183|"Wet"|"61711:852546"|"61711:168177"
0|0|0|61|76|91||"61711:852548"|"61711:168178"
61|76|91|183|183|183|"Wet"|"61711:852548"|"61711:168179"
0|0|0|61|76|91||"61711:852549"|"61711:168180"
61|76|91|183|183|183|"Wet"|"61711:852549"|"61711:168181"
0|0|0|61|76|91||"61711:852550"|"61711:168182"
61|76|91|183|183|183|"Wet"|"61711:852550"|"61711:168183"
0|0|0|61|76|91||"61711:852553"|"61711:168184"
61|76|91|183|183|183|"Wet"|"61711:852553"|"61711:168185"
0|0|0|61|76|91||"61712:852594"|"61712:168216"
61|76|91|183|183|183|"Wet"|"61712:852594"|"61712:168217"
0|0|0|61|76|91||"61712:852596"|"61712:168218"
61|76|91|183|183|183|"Wet"|"61712:852596"|"61712:168219"
0|0|0|61|76|91||"61712:852597"|"61712:168220"
61|76|91|183|183|183|"Wet"|"61712:852597"|"61712:168221"
0|0|0|61|76|91||"61712:852598"|"61712:168222"
61|76|91|183|183|183|"Wet"|"61712:852598"|"61712:168223"
0|0|0|61|76|91||"61712:852601"|"61712:168224"
61|76|91|183|183|183|"Wet"|"61712:852601"|"61712:168225"
0|0|0|61|76|91||"61713:852642"|"61713:168256"
61|76|91|183|183|183|"Wet"|"61713:852642"|"61713:168257"
0|0|0|61|76|91||"61713:852644"|"61713:168258"
61|76|91|183|183|183|"Wet"|"61713:852644"|"61713:168259"
0|0|0|61|76|91||"61713:852645"|"61713:168260"
61|76|91|183|183|183|"Wet"|"61713:852645"|"61713:168261"
0|0|0|61|76|91||"61713:852646"|"61713:168262"
61|76|91|183|183|183|"Wet"|"61713:852646"|"61713:168263"
0|0|0|61|76|91||"61713:852649"|"61713:168264"
61|76|91|183|183|183|"Wet"|"61713:852649"|"61713:168265"
0|31|61|183|183|183|"Wet"|"61716:16251129"|"61716:8590752"
0|31|61|183|183|183|"Wet"|"61716:16251130"|"61716:8590753"
0|31|61|183|183|183|"Wet"|"61716:16251131"|"61716:8590754"
0|31|61|183|183|183|"Wet"|"61716:16251132"|"61716:8590755"
0|31|61|183|183|183|"Wet"|"61716:16251133"|"61716:8590756"
0|31|61|183|183|183|"Wet"|"61716:16251134"|"61716:8590757"
0|31|61|183|183|183|"Wet"|"61716:16251135"|"61716:8590758"
0|31|61|183|183|183|"Wet"|"61716:16251136"|"61716:8590759"
0|31|61|183|183|183|"Wet"|"61716:16251137"|"61716:8590760"
0|31|61|183|183|183|"Wet"|"61716:16251138"|"61716:8590761"
0|31|61|183|183|183|"Wet"|"61716:16251139"|"61716:8590762"
0|31|61|183|183|183|"Wet"|"61716:16251140"|"61716:8590763"
46|69|91|46|69|91|"Wet"|"61726:853266"|"61726:168479"
46|69|91|46|69|91|"Wet"|"61726:853268"|"61726:168482"
46|69|91|46|69|91|"Wet"|"61726:853269"|"61726:168485"
46|69|91|46|69|91|"Wet"|"61726:853270"|"61726:168488"
46|69|91|46|69|91|"Wet"|"61726:853273"|"61726:168491"
46|69|91|46|69|91|"Wet"|"61726:853275"|"61726:168494"
46|69|91|46|69|91|"Wet"|"61727:853326"|"61727:168550"
46|69|91|46|69|91|"Wet"|"61727:853328"|"61727:168553"
46|69|91|46|69|91|"Wet"|"61727:853329"|"61727:168556"
46|69|91|46|69|91|"Wet"|"61727:853330"|"61727:168559"
46|69|91|46|69|91|"Wet"|"61727:853333"|"61727:168562"
46|69|91|46|69|91|"Wet"|"61727:853335"|"61727:168565"
0|0|0|0|8|15||"61728:846378"|"61728:165451"
0|8|15|40|46|64|"Wet"|"61728:846378"|"61728:165452"
40|46|64|183|183|183||"61728:846378"|"61728:165450"
0|0|0|0|8|15||"61728:846380"|"61728:165454"
0|8|15|40|46|64|"Wet"|"61728:846380"|"61728:165455"
40|46|64|183|183|183||"61728:846380"|"61728:165453"
0|0|0|0|8|15||"61728:846381"|"61728:165457"
0|8|15|40|46|64|"Wet"|"61728:846381"|"61728:165458"
40|46|64|183|183|183||"61728:846381"|"61728:165456"
0|0|0|0|8|15||"61728:846382"|"61728:165460"
0|8|15|40|46|64|"Wet"|"61728:846382"|"61728:165461"
40|46|64|183|183|183||"61728:846382"|"61728:165459"
0|0|0|0|8|15||"61728:846385"|"61728:165463"
0|8|15|40|46|64|"Wet"|"61728:846385"|"61728:165464"
40|46|64|183|183|183||"61728:846385"|"61728:165462"
0|0|0|183|183|183|"Wet"|"61736:853698"|"61736:168648"
0|0|0|183|183|183|"Wet"|"61736:853700"|"61736:168649"
0|0|0|183|183|183|"Wet"|"61736:853701"|"61736:168650"
0|0|0|183|183|183|"Wet"|"61736:853702"|"61736:168651"
0|0|0|183|183|183|"Wet"|"61736:853705"|"61736:168652"
0|0|0|183|183|183|"Wet"|"61736:853706"|"61736:168653"
0|0|0|183|183|183|"Wet"|"61736:853707"|"61736:168654"
0|8|15|183|183|183|"Wet"|"61737:853734"|"61737:168682"
0|8|15|183|183|183|"Wet"|"61737:853736"|"61737:168683"
0|8|15|183|183|183|"Wet"|"61737:853737"|"61737:168684"
0|8|15|183|183|183|"Wet"|"61737:853738"|"61737:168685"
0|8|15|183|183|183|"Wet"|"61737:853741"|"61737:168686"
0|8|15|183|183|183|"Wet"|"61737:853742"|"61737:168687"
0|8|15|183|183|183|"Wet"|"61737:853743"|"61737:168688"
0|0|0|76|92|107||"61743:854096"|"61743:168874"
76|92|107|183|183|183|"Wet"|"61743:854096"|"61743:168875"
0|0|0|76|92|107||"61743:854097"|"61743:168876"
76|92|107|183|183|183|"Wet"|"61743:854097"|"61743:168877"
0|0|0|76|92|107||"61743:854098"|"61743:168878"
76|92|107|183|183|183|"Wet"|"61743:854098"|"61743:168879"
0|0|0|76|92|107||"61743:854101"|"61743:168880"
76|92|107|183|183|183|"Wet"|"61743:854101"|"61743:168881"
0|0|0|76|92|107||"61744:854144"|"61744:168922"
76|92|107|183|183|183|"Wet"|"61744:854144"|"61744:168923"
0|0|0|76|92|107||"61744:854145"|"61744:168924"
76|92|107|183|183|183|"Wet"|"61744:854145"|"61744:168925"
0|0|0|76|92|107||"61744:854146"|"61744:168926"
76|92|107|183|183|183|"Wet"|"61744:854146"|"61744:168927"
0|0|0|76|92|107||"61744:854149"|"61744:168928"
76|92|107|183|183|183|"Wet"|"61744:854149"|"61744:168929"
0|0|0|61|76|91||"61746:846450"|"61746:165536"
61|76|91|76|85|100|"Wet"|"61746:846450"|"61746:165537"
76|85|100|183|183|183||"61746:846450"|"61746:165535"
0|0|0|61|76|91||"61746:846452"|"61746:165539"
61|76|91|76|85|100|"Wet"|"61746:846452"|"61746:165540"
76|85|100|183|183|183||"61746:846452"|"61746:165538"
0|0|0|61|76|91||"61746:846453"|"61746:165542"
61|76|91|76|85|100|"Wet"|"61746:846453"|"61746:165543"
76|85|100|183|183|183||"61746:846453"|"61746:165541"
0|0|0|61|76|91||"61746:846454"|"61746:165545"
61|76|91|76|85|100|"Wet"|"61746:846454"|"61746:165546"
76|85|100|183|183|183||"61746:846454"|"61746:165544"
0|0|0|61|76|91||"61746:846457"|"61746:165548"
61|76|91|76|85|100|"Wet"|"61746:846457"|"61746:165549"
76|85|100|183|183|183||"61746:846457"|"61746:165547"
0|0|0|61|76|91||"61747:846522"|"61747:165581"
61|76|91|76|85|100|"Wet"|"61747:846522"|"61747:165582"
76|85|100|183|183|183||"61747:846522"|"61747:165580"
0|0|0|61|76|91||"61747:846524"|"61747:165584"
61|76|91|76|85|100|"Wet"|"61747:846524"|"61747:165585"
76|85|100|183|183|183||"61747:846524"|"61747:165583"
0|0|0|61|76|91||"61747:846525"|"61747:165587"
61|76|91|76|85|100|"Wet"|"61747:846525"|"61747:165588"
76|85|100|183|183|183||"61747:846525"|"61747:165586"
0|0|0|61|76|91||"61747:846526"|"61747:165590"
61|76|91|76|85|100|"Wet"|"61747:846526"|"61747:165591"
76|85|100|183|183|183||"61747:846526"|"61747:165589"
0|0|0|61|76|91||"61747:846529"|"61747:165593"
61|76|91|76|85|100|"Wet"|"61747:846529"|"61747:165594"
76|85|100|183|183|183||"61747:846529"|"61747:165592"
0|0|0|61|76|91||"61748:846594"|"61748:165626"
61|76|91|76|85|100|"Wet"|"61748:846594"|"61748:165627"
76|85|100|183|183|183||"61748:846594"|"61748:165625"
0|0|0|61|76|91||"61748:846596"|"61748:165629"
61|76|91|76|85|100|"Wet"|"61748:846596"|"61748:165630"
76|85|100|183|183|183||"61748:846596"|"61748:165628"
0|0|0|61|76|91||"61748:846597"|"61748:165632"
61|76|91|76|85|100|"Wet"|"61748:846597"|"61748:165633"
76|85|100|183|183|183||"61748:846597"|"61748:165631"
0|0|0|61|76|91||"61748:846598"|"61748:165635"
61|76|91|76|85|100|"Wet"|"61748:846598"|"61748:165636"
76|85|100|183|183|183||"61748:846598"|"61748:165634"
0|0|0|61|76|91||"61748:846601"|"61748:165638"
61|76|91|76|85|100|"Wet"|"61748:846601"|"61748:165639"
76|85|100|183|183|183||"61748:846601"|"61748:165637"
0|0|0|61|76|91||"61750:854310"|"61750:168998"
61|76|91|61|98|100|"Wet"|"61750:854310"|"61750:168999"
61|98|100|183|183|183||"61750:854310"|"61750:168997"
0|0|0|61|76|91||"61750:854312"|"61750:169001"
61|76|91|61|98|100|"Wet"|"61750:854312"|"61750:169002"
61|98|100|183|183|183||"61750:854312"|"61750:169000"
0|0|0|61|76|91||"61750:854313"|"61750:169004"
61|76|91|61|98|100|"Wet"|"61750:854313"|"61750:169005"
61|98|100|183|183|183||"61750:854313"|"61750:169003"
0|0|0|61|76|91||"61750:854314"|"61750:169007"
61|76|91|61|98|100|"Wet"|"61750:854314"|"61750:169008"
61|98|100|183|183|183||"61750:854314"|"61750:169006"
0|0|0|61|76|91||"61750:854317"|"61750:169010"
61|76|91|61|98|100|"Wet"|"61750:854317"|"61750:169011"
61|98|100|183|183|183||"61750:854317"|"61750:169009"
0|0|0|61|76|91||"61751:854394"|"61751:169064"
61|76|91|61|98|100|"Wet"|"61751:854394"|"61751:169065"
61|98|100|183|183|183||"61751:854394"|"61751:169063"
0|0|0|61|76|91||"61751:854396"|"61751:169067"
61|76|91|61|98|100|"Wet"|"61751:854396"|"61751:169068"
61|98|100|183|183|183||"61751:854396"|"61751:169066"
0|0|0|61|76|91||"61751:854397"|"61751:169070"
61|76|91|61|98|100|"Wet"|"61751:854397"|"61751:169071"
61|98|100|183|183|183||"61751:854397"|"61751:169069"
0|0|0|61|76|91||"61751:854398"|"61751:169073"
61|76|91|61|98|100|"Wet"|"61751:854398"|"61751:169074"
61|98|100|183|183|183||"61751:854398"|"61751:169072"
0|0|0|61|76|91||"61751:854401"|"61751:169076"
61|76|91|61|98|100|"Wet"|"61751:854401"|"61751:169077"
61|98|100|183|183|183||"61751:854401"|"61751:169075"
0|0|0|61|76|91||"61752:854478"|"61752:169130"
61|76|91|61|98|100|"Wet"|"61752:854478"|"61752:169131"
61|98|100|183|183|183||"61752:854478"|"61752:169129"
0|0|0|61|76|91||"61752:854480"|"61752:169133"
61|76|91|61|98|100|"Wet"|"61752:854480"|"61752:169134"
61|98|100|183|183|183||"61752:854480"|"61752:169132"
0|0|0|61|76|91||"61752:854481"|"61752:169136"
61|76|91|61|98|100|"Wet"|"61752:854481"|"61752:169137"
61|98|100|183|183|183||"61752:854481"|"61752:169135"
0|0|0|61|76|91||"61752:854482"|"61752:169139"
61|76|91|61|98|100|"Wet"|"61752:854482"|"61752:169140"
61|98|100|183|183|183||"61752:854482"|"61752:169138"
0|0|0|61|76|91||"61752:854485"|"61752:169142"
61|76|91|61|98|100|"Wet"|"61752:854485"|"61752:169143"
61|98|100|183|183|183||"61752:854485"|"61752:169141"
91|137|183|100|122|183|"Wet"|"61753:854538"|"61753:169168"
91|137|183|100|122|183|"Wet"|"61753:854540"|"61753:169171"
91|137|183|100|122|183|"Wet"|"61753:854541"|"61753:169174"
91|137|183|100|122|183|"Wet"|"61753:854545"|"61753:169180"
0|0|0|91|107|122||"61753:854552"|"61753:169182"
91|107|122|122|128|152|"Wet"|"61753:854552"|"61753:169183"
122|128|152|183|183|183||"61753:854552"|"61753:169181"
0|0|0|91|107|122||"61753:854553"|"61753:169185"
91|107|122|122|128|152|"Wet"|"61753:854553"|"61753:169186"
122|128|152|183|183|183||"61753:854553"|"61753:169184"
0|0|0|91|107|122||"61753:854557"|"61753:169191"
91|107|122|122|128|152|"Wet"|"61753:854557"|"61753:169192"
122|128|152|183|183|183||"61753:854557"|"61753:169190"
